Frames: 30
Frame: 1

Meshes: 8
"alien_cockpit" 0 0
89
0 -109.499992 4.542522 -97.234627 0.000000 1.000000 -1
0 -108.005882 4.942867 -97.234627 0.000000 0.833333 -1
0 -108.206047 4.942867 -96.487572 0.083333 0.833333 -1
0 -109.499992 10.518997 -97.234627 0.000000 0.000000 -1
0 -108.206047 10.118637 -96.487572 0.083333 0.166667 -1
0 -108.005882 10.118637 -97.234627 0.000000 0.166667 -1
0 -109.499992 4.542522 -97.234627 0.083333 1.000000 -1
0 -108.752953 4.942867 -95.940689 0.166667 0.833333 -1
0 -109.499992 10.518997 -97.234627 0.083333 0.000000 -1
0 -108.752953 10.118637 -95.940689 0.166667 0.166667 -1
0 -109.499992 4.542522 -97.234627 0.166667 1.000000 -1
0 -109.499992 4.942867 -95.740524 0.250000 0.833333 -1
0 -109.499992 10.518997 -97.234627 0.166667 0.000000 -1
0 -109.499992 10.118637 -95.740524 0.250000 0.166667 -1
0 -109.499992 4.542522 -97.234627 0.250000 1.000000 -1
0 -110.247063 4.942867 -95.940689 0.333333 0.833333 -1
0 -109.499992 10.518997 -97.234627 0.250000 0.000000 -1
0 -110.247063 10.118637 -95.940689 0.333333 0.166667 -1
0 -109.499992 4.542522 -97.234627 0.333333 1.000000 -1
0 -110.793938 4.942867 -96.487572 0.416667 0.833333 -1
0 -109.499992 10.518997 -97.234627 0.333333 0.000000 -1
0 -110.793938 10.118637 -96.487572 0.416667 0.166667 -1
0 -109.499992 4.542522 -97.234627 0.416667 1.000000 -1
0 -110.994102 4.942867 -97.234627 0.500000 0.833333 -1
0 -109.499992 10.518997 -97.234627 0.416667 0.000000 -1
0 -110.994102 10.118637 -97.234627 0.500000 0.166667 -1
0 -109.499992 4.542522 -97.234627 0.500000 1.000000 -1
0 -110.793938 4.942867 -97.981689 0.583333 0.833333 -1
0 -109.499992 10.518997 -97.234627 0.500000 0.000000 -1
0 -110.793938 10.118637 -97.981689 0.583333 0.166667 -1
0 -109.499992 4.542522 -97.234627 0.583333 1.000000 -1
0 -110.247063 4.942867 -98.528564 0.666667 0.833333 -1
0 -109.499992 10.518997 -97.234627 0.583333 0.000000 -1
0 -110.247063 10.118637 -98.528564 0.666667 0.166667 -1
0 -109.499992 4.542522 -97.234627 0.666667 1.000000 -1
0 -109.499992 4.942867 -98.728745 0.750000 0.833333 -1
0 -109.499992 10.518997 -97.234627 0.666667 0.000000 -1
0 -109.499992 10.118637 -98.728745 0.750000 0.166667 -1
0 -109.499992 4.542522 -97.234627 0.750000 1.000000 -1
0 -108.752953 4.942867 -98.528564 0.833333 0.833333 -1
0 -109.499992 10.518997 -97.234627 0.750000 0.000000 -1
0 -108.752953 10.118637 -98.528564 0.833333 0.166667 -1
0 -109.499992 4.542522 -97.234627 0.833333 1.000000 -1
0 -108.206047 4.942867 -97.981689 0.916667 0.833333 -1
0 -109.499992 10.518997 -97.234627 0.833333 0.000000 -1
0 -108.206047 10.118637 -97.981689 0.916667 0.166667 -1
0 -109.499992 4.542522 -97.234627 0.916667 1.000000 -1
0 -108.005882 4.942867 -97.234627 1.000000 0.833333 -1
0 -109.499992 10.518997 -97.234627 0.916667 0.000000 -1
0 -108.005882 10.118637 -97.234627 1.000000 0.166667 -1
0 -106.912117 6.036636 -97.234627 0.000000 0.666667 -1
0 -107.258827 6.036636 -95.940689 0.083333 0.666667 -1
0 -108.206047 6.036636 -94.993446 0.166667 0.666667 -1
0 -109.499992 6.036636 -94.646736 0.250000 0.666667 -1
0 -110.793938 6.036636 -94.993446 0.333333 0.666667 -1
0 -111.741173 6.036636 -95.940689 0.416667 0.666667 -1
0 -112.087883 6.036636 -97.234627 0.500000 0.666667 -1
0 -111.741173 6.036636 -98.528564 0.583333 0.666667 -1
0 -110.793938 6.036636 -99.475800 0.666667 0.666667 -1
0 -109.499992 6.036636 -99.822510 0.750000 0.666667 -1
0 -108.206047 6.036636 -99.475800 0.833333 0.666667 -1
0 -107.258827 6.036636 -98.528564 0.916667 0.666667 -1
0 -106.912117 6.036636 -97.234627 1.000000 0.666667 -1
0 -106.511772 7.530762 -97.234627 0.000000 0.500000 -1
0 -106.912117 7.530762 -95.740524 0.083333 0.500000 -1
0 -108.005882 7.530762 -94.646736 0.166667 0.500000 -1
0 -109.499992 7.530762 -94.246399 0.250000 0.500000 -1
0 -110.994102 7.530762 -94.646736 0.333333 0.500000 -1
0 -112.087883 7.530762 -95.740524 0.416667 0.500000 -1
0 -112.488243 7.530762 -97.234627 0.500000 0.500000 -1
0 -112.087883 7.530762 -98.728745 0.583333 0.500000 -1
0 -110.994102 7.530762 -99.822510 0.666667 0.500000 -1
0 -109.499992 7.530762 -100.222855 0.750000 0.500000 -1
0 -108.005882 7.530762 -99.822510 0.833333 0.500000 -1
0 -106.912117 7.530762 -98.728745 0.916667 0.500000 -1
0 -106.511772 7.530762 -97.234627 1.000000 0.500000 -1
0 -106.912117 9.024872 -97.234627 0.000000 0.333333 -1
0 -107.258827 9.024872 -95.940689 0.083333 0.333333 -1
0 -108.206047 9.024872 -94.993446 0.166667 0.333333 -1
0 -109.499992 9.024872 -94.646736 0.250000 0.333333 -1
0 -110.793938 9.024872 -94.993446 0.333333 0.333333 -1
0 -111.741173 9.024872 -95.940689 0.416667 0.333333 -1
0 -112.087883 9.024872 -97.234627 0.500000 0.333333 -1
0 -111.741173 9.024872 -98.528564 0.583333 0.333333 -1
0 -110.793938 9.024872 -99.475800 0.666667 0.333333 -1
0 -109.499992 9.024872 -99.822510 0.750000 0.333333 -1
0 -108.206047 9.024872 -99.475800 0.833333 0.333333 -1
0 -107.258827 9.024872 -98.528564 0.916667 0.333333 -1
0 -106.912117 9.024872 -97.234627 1.000000 0.333333 -1
89
0.258198 -0.963612 0.069181
0.566930 -0.809639 0.151905
0.431481 -0.867043 0.249119
0.258208 0.963609 0.069184
0.431484 0.867041 0.249120
0.566931 0.809638 0.151905
0.189011 -0.963611 0.189019
0.286788 -0.819149 0.496737
0.189017 0.963609 0.189025
0.286789 0.819148 0.496739
0.069183 -0.963611 0.258200
0.000003 -0.867046 0.498228
0.069185 0.963609 0.258209
0.000003 0.867044 0.498232
-0.069180 -0.963611 0.258200
-0.286790 -0.819149 0.496736
-0.069183 0.963609 0.258209
-0.286790 0.819148 0.496737
-0.189015 -0.963612 0.189012
-0.431482 -0.867045 0.249111
-0.189021 0.963609 0.189019
-0.431485 0.867043 0.249113
-0.258198 -0.963612 0.069181
-0.573583 -0.819148 0.000000
-0.258208 0.963609 0.069184
-0.573584 0.819147 0.000000
-0.258198 -0.963612 -0.069181
-0.431482 -0.867045 -0.249113
-0.258208 0.963609 -0.069183
-0.431485 0.867043 -0.249114
-0.189013 -0.963612 -0.189013
-0.286792 -0.819147 -0.496738
-0.189020 0.963609 -0.189020
-0.286793 0.819146 -0.496739
-0.069185 -0.963612 -0.258197
0.000003 -0.867044 -0.498231
-0.069187 0.963609 -0.258206
0.000003 0.867042 -0.498235
0.069188 -0.963612 -0.258197
0.286791 -0.819146 -0.496740
0.069190 0.963609 -0.258206
0.286792 0.819145 -0.496741
0.189009 -0.963612 -0.189020
0.431480 -0.867043 -0.249120
0.189016 0.963609 -0.189026
0.431483 0.867041 -0.249122
0.258198 -0.963612 -0.069181
0.566930 -0.809639 -0.151904
0.258208 0.963609 -0.069183
0.566932 0.809638 -0.151905
0.842694 -0.488755 0.225800
0.749144 -0.501711 0.432515
0.432520 -0.501717 0.749137
0.000001 -0.501715 0.865033
-0.432518 -0.501713 0.749141
-0.749142 -0.501714 0.432516
-0.865030 -0.501719 0.000000
-0.749140 -0.501715 -0.432518
-0.432517 -0.501712 -0.749142
0.000001 -0.501713 -0.865034
0.432519 -0.501715 -0.749139
0.749142 -0.501712 -0.432517
0.842694 -0.488755 -0.225800
0.965926 0.000001 0.258820
0.866028 0.000001 0.499996
0.500004 0.000001 0.866023
0.000000 0.000001 1.000000
-0.500000 0.000001 0.866025
-0.866024 0.000001 0.500003
-1.000000 0.000001 0.000001
-0.866022 0.000001 -0.500006
-0.499998 0.000001 -0.866026
0.000000 0.000001 -1.000000
0.500001 0.000001 -0.866025
0.866026 0.000001 -0.499999
0.965926 0.000001 -0.258818
0.842693 0.488757 0.225799
0.749143 0.501713 0.432514
0.432520 0.501718 0.749136
0.000001 0.501717 0.865032
-0.432518 0.501715 0.749140
-0.749141 0.501716 0.432515
-0.865029 0.501721 0.000000
-0.749139 0.501716 -0.432517
-0.432517 0.501714 -0.749141
0.000001 0.501715 -0.865033
0.432518 0.501717 -0.749138
0.749141 0.501714 -0.432516
0.842693 0.488757 -0.225799
120
0 0 1 2 0 1 2 1
0 3 4 5 3 4 5 1
0 6 2 7 6 2 7 1
0 8 9 4 8 9 4 1
0 10 7 11 10 7 11 1
0 12 13 9 12 13 9 1
0 14 11 15 14 11 15 1
0 16 17 13 16 17 13 1
0 18 15 19 18 15 19 1
0 20 21 17 20 21 17 1
0 22 19 23 22 19 23 1
0 24 25 21 24 25 21 1
0 26 23 27 26 23 27 1
0 28 29 25 28 29 25 1
0 30 27 31 30 27 31 1
0 32 33 29 32 33 29 1
0 34 31 35 34 31 35 1
0 36 37 33 36 37 33 1
0 38 35 39 38 35 39 1
0 40 41 37 40 41 37 1
0 42 39 43 42 39 43 1
0 44 45 41 44 45 41 1
0 46 43 47 46 43 47 1
0 48 49 45 48 49 45 1
0 1 50 51 1 50 51 1
0 1 51 2 1 51 2 1
0 2 51 7 2 51 7 1
0 51 52 7 51 52 7 1
0 7 52 53 7 52 53 1
0 7 53 11 7 53 11 1
0 11 53 15 11 53 15 1
0 53 54 15 53 54 15 1
0 15 54 55 15 54 55 1
0 15 55 19 15 55 19 1
0 19 55 23 19 55 23 1
0 55 56 23 55 56 23 1
0 23 56 57 23 56 57 1
0 23 57 27 23 57 27 1
0 27 57 31 27 57 31 1
0 57 58 31 57 58 31 1
0 31 58 59 31 58 59 1
0 31 59 35 31 59 35 1
0 35 59 39 35 59 39 1
0 59 60 39 59 60 39 1
0 39 60 61 39 60 61 1
0 39 61 43 39 61 43 1
0 43 61 47 43 61 47 1
0 61 62 47 61 62 47 1
0 50 63 51 50 63 51 1
0 63 64 51 63 64 51 1
0 51 64 65 51 64 65 1
0 51 65 52 51 65 52 1
0 52 65 53 52 65 53 1
0 65 66 53 65 66 53 1
0 53 66 67 53 66 67 1
0 53 67 54 53 67 54 1
0 54 67 55 54 67 55 1
0 67 68 55 67 68 55 1
0 55 68 69 55 68 69 1
0 55 69 56 55 69 56 1
0 56 69 57 56 69 57 1
0 69 70 57 69 70 57 1
0 57 70 71 57 70 71 1
0 57 71 58 57 71 58 1
0 58 71 59 58 71 59 1
0 71 72 59 71 72 59 1
0 59 72 73 59 72 73 1
0 59 73 60 59 73 60 1
0 60 73 61 60 73 61 1
0 73 74 61 73 74 61 1
0 61 74 75 61 74 75 1
0 61 75 62 61 75 62 1
0 63 76 77 63 76 77 1
0 63 77 64 63 77 64 1
0 64 77 65 64 77 65 1
0 77 78 65 77 78 65 1
0 65 78 79 65 78 79 1
0 65 79 66 65 79 66 1
0 66 79 67 66 79 67 1
0 79 80 67 79 80 67 1
0 67 80 81 67 80 81 1
0 67 81 68 67 81 68 1
0 68 81 69 68 81 69 1
0 81 82 69 81 82 69 1
0 69 82 83 69 82 83 1
0 69 83 70 69 83 70 1
0 70 83 71 70 83 71 1
0 83 84 71 83 84 71 1
0 71 84 85 71 84 85 1
0 71 85 72 71 85 72 1
0 72 85 73 72 85 73 1
0 85 86 73 85 86 73 1
0 73 86 87 73 86 87 1
0 73 87 74 73 87 74 1
0 74 87 75 74 87 75 1
0 87 88 75 87 88 75 1
0 76 5 77 76 5 77 1
0 5 4 77 5 4 77 1
0 77 4 9 77 4 9 1
0 77 9 78 77 9 78 1
0 78 9 79 78 9 79 1
0 9 13 79 9 13 79 1
0 79 13 17 79 13 17 1
0 79 17 80 79 17 80 1
0 80 17 81 80 17 81 1
0 17 21 81 17 21 81 1
0 81 21 25 81 21 25 1
0 81 25 82 81 25 82 1
0 82 25 83 82 25 83 1
0 25 29 83 25 29 83 1
0 83 29 33 83 29 33 1
0 83 33 84 83 33 84 1
0 84 33 85 84 33 85 1
0 33 37 85 33 37 85 1
0 85 37 41 85 37 41 1
0 85 41 86 85 41 86 1
0 86 41 87 86 41 87 1
0 41 45 87 41 45 87 1
0 87 45 49 87 45 49 1
0 87 49 88 87 49 88 1
"alien_ship" 0 1
89
0 -109.499992 3.050167 -97.219917 0.000000 1.000000 -1
0 -105.124992 3.350872 -97.219917 0.000000 0.833333 -1
0 -105.711143 3.350872 -95.150352 0.083333 0.833333 -1
0 -109.499992 7.540741 -97.219917 0.000000 0.000000 -1
0 -105.711143 7.240051 -95.150352 0.083333 0.166667 -1
0 -105.124992 7.240051 -97.219917 0.000000 0.166667 -1
0 -109.499992 3.050167 -97.219917 0.083333 1.000000 -1
0 -107.312492 3.350872 -93.635315 0.166667 0.833333 -1
0 -109.499992 7.540741 -97.219917 0.083333 0.000000 -1
0 -107.312492 7.240051 -93.635315 0.166667 0.166667 -1
0 -109.499992 3.050167 -97.219917 0.166667 1.000000 -1
0 -109.499992 3.350872 -93.080780 0.250000 0.833333 -1
0 -109.499992 7.540741 -97.219917 0.166667 0.000000 -1
0 -109.499992 7.240051 -93.080780 0.250000 0.166667 -1
0 -109.499992 3.050167 -97.219917 0.250000 1.000000 -1
0 -111.687492 3.350872 -93.635315 0.333333 0.833333 -1
0 -109.499992 7.540741 -97.219917 0.250000 0.000000 -1
0 -111.687492 7.240051 -93.635315 0.333333 0.166667 -1
0 -109.499992 3.050167 -97.219917 0.333333 1.000000 -1
0 -113.288872 3.350872 -95.150352 0.416667 0.833333 -1
0 -109.499992 7.540741 -97.219917 0.333333 0.000000 -1
0 -113.288872 7.240051 -95.150352 0.416667 0.166667 -1
0 -109.499992 3.050167 -97.219917 0.416667 1.000000 -1
0 -113.874992 3.350872 -97.219917 0.500000 0.833333 -1
0 -109.499992 7.540741 -97.219917 0.416667 0.000000 -1
0 -113.874992 7.240051 -97.219917 0.500000 0.166667 -1
0 -109.499992 3.050167 -97.219917 0.500000 1.000000 -1
0 -113.288872 3.350872 -99.289490 0.583333 0.833333 -1
0 -109.499992 7.540741 -97.219917 0.500000 0.000000 -1
0 -113.288872 7.240051 -99.289490 0.583333 0.166667 -1
0 -109.499992 3.050167 -97.219917 0.583333 1.000000 -1
0 -111.687492 3.350872 -100.804535 0.666667 0.833333 -1
0 -109.499992 7.540741 -97.219917 0.583333 0.000000 -1
0 -111.687492 7.240051 -100.804535 0.666667 0.166667 -1
0 -109.499992 3.050167 -97.219917 0.666667 1.000000 -1
0 -109.499992 3.350872 -101.359055 0.750000 0.833333 -1
0 -109.499992 7.540741 -97.219917 0.666667 0.000000 -1
0 -109.499992 7.240051 -101.359055 0.750000 0.166667 -1
0 -109.499992 3.050167 -97.219917 0.750000 1.000000 -1
0 -107.312492 3.350872 -100.804535 0.833333 0.833333 -1
0 -109.499992 7.540741 -97.219917 0.750000 0.000000 -1
0 -107.312492 7.240051 -100.804535 0.833333 0.166667 -1
0 -109.499992 3.050167 -97.219917 0.833333 1.000000 -1
0 -105.711143 3.350872 -99.289490 0.916667 0.833333 -1
0 -109.499992 7.540741 -97.219917 0.833333 0.000000 -1
0 -105.711143 7.240051 -99.289490 0.916667 0.166667 -1
0 -109.499992 3.050167 -97.219917 0.916667 1.000000 -1
0 -105.124992 3.350872 -97.219917 1.000000 0.833333 -1
0 -109.499992 7.540741 -97.219917 0.916667 0.000000 -1
0 -105.124992 7.240051 -97.219917 1.000000 0.166667 -1
0 -101.922279 4.172802 -97.219917 0.000000 0.666667 -1
0 -102.937492 4.172802 -93.635315 0.083333 0.666667 -1
0 -105.711143 4.172802 -91.011215 0.166667 0.666667 -1
0 -109.499992 4.172802 -90.050705 0.250000 0.666667 -1
0 -113.288872 4.172802 -91.011215 0.333333 0.666667 -1
0 -116.062492 4.172802 -93.635315 0.416667 0.666667 -1
0 -117.077728 4.172802 -97.219917 0.500000 0.666667 -1
0 -116.062492 4.172802 -100.804535 0.583333 0.666667 -1
0 -113.288872 4.172802 -103.428635 0.666667 0.666667 -1
0 -109.499992 4.172802 -104.389130 0.750000 0.666667 -1
0 -105.711143 4.172802 -103.428635 0.833333 0.666667 -1
0 -102.937492 4.172802 -100.804535 0.916667 0.666667 -1
0 -101.922279 4.172802 -97.219917 1.000000 0.666667 -1
0 -100.749992 5.295452 -97.219917 0.000000 0.500000 -1
0 -101.922279 5.295452 -93.080780 0.083333 0.500000 -1
0 -105.124992 5.295452 -90.050705 0.166667 0.500000 -1
0 -109.499992 5.295452 -88.941628 0.250000 0.500000 -1
0 -113.874992 5.295452 -90.050705 0.333333 0.500000 -1
0 -117.077728 5.295452 -93.080780 0.416667 0.500000 -1
0 -118.250000 5.295452 -97.219917 0.500000 0.500000 -1
0 -117.077728 5.295452 -101.359055 0.583333 0.500000 -1
0 -113.874992 5.295452 -104.389130 0.666667 0.500000 -1
0 -109.499992 5.295452 -105.498215 0.750000 0.500000 -1
0 -105.124992 5.295452 -104.389130 0.833333 0.500000 -1
0 -101.922279 5.295452 -101.359055 0.916667 0.500000 -1
0 -100.749992 5.295452 -97.219917 1.000000 0.500000 -1
0 -101.922279 6.418121 -97.219917 0.000000 0.333333 -1
0 -102.937492 6.418121 -93.635315 0.083333 0.333333 -1
0 -105.711143 6.418121 -91.011215 0.166667 0.333333 -1
0 -109.499992 6.418121 -90.050705 0.250000 0.333333 -1
0 -113.288872 6.418121 -91.011215 0.333333 0.333333 -1
0 -116.062492 6.418121 -93.635315 0.416667 0.333333 -1
0 -117.077728 6.418121 -97.219917 0.500000 0.333333 -1
0 -116.062492 6.418121 -100.804535 0.583333 0.333333 -1
0 -113.288872 6.418121 -103.428635 0.666667 0.333333 -1
0 -109.499992 6.418121 -104.389130 0.750000 0.333333 -1
0 -105.711143 6.418121 -103.428635 0.833333 0.333333 -1
0 -102.937492 6.418121 -100.804535 0.916667 0.333333 -1
0 -101.922279 6.418121 -97.219917 1.000000 0.333333 -1
89
0.068558 -0.997458 0.019417
0.188914 -0.980535 0.053504
0.137748 -0.986897 0.084026
0.068554 0.997458 0.019416
0.137746 0.986897 0.084025
0.188913 0.980535 0.053504
0.050182 -0.997331 0.053041
0.094431 -0.980420 0.172800
0.050179 0.997331 0.053038
0.094431 0.980420 0.172799
0.018365 -0.997203 0.072446
0.000000 -0.985820 0.167807
0.018364 0.997204 0.072442
0.000000 0.985820 0.167805
-0.018365 -0.997203 0.072446
-0.094431 -0.980420 0.172800
-0.018364 0.997204 0.072442
-0.094430 0.980420 0.172799
-0.050181 -0.997331 0.053041
-0.137748 -0.986897 0.084026
-0.050179 0.997331 0.053038
-0.137747 0.986897 0.084025
-0.068558 -0.997458 0.019416
-0.189186 -0.981941 0.000000
-0.068554 0.997458 0.019415
-0.189185 0.981941 0.000000
-0.068558 -0.997458 -0.019416
-0.137748 -0.986897 -0.084025
-0.068554 0.997458 -0.019415
-0.137747 0.986897 -0.084024
-0.050181 -0.997331 -0.053041
-0.094430 -0.980420 -0.172800
-0.050179 0.997331 -0.053038
-0.094430 0.980420 -0.172799
-0.018365 -0.997203 -0.072446
0.000000 -0.985820 -0.167807
-0.018364 0.997204 -0.072442
0.000000 0.985820 -0.167805
0.018365 -0.997203 -0.072446
0.094431 -0.980420 -0.172800
0.018364 0.997204 -0.072442
0.094430 0.980420 -0.172799
0.050182 -0.997331 -0.053040
0.137748 -0.986897 -0.084025
0.050179 0.997331 -0.053038
0.137746 0.986897 -0.084024
0.068558 -0.997458 -0.019417
0.188914 -0.980535 -0.053504
0.068554 0.997458 -0.019416
0.188913 0.980535 -0.053504
0.479627 -0.866894 0.135838
0.417612 -0.872373 0.254099
0.239233 -0.867203 0.436722
0.000000 -0.864662 0.502354
-0.239235 -0.867202 0.436723
-0.417612 -0.872372 0.254099
-0.484116 -0.875004 0.000000
-0.417613 -0.872372 -0.254100
-0.239235 -0.867201 -0.436726
0.000000 -0.864662 -0.502355
0.239233 -0.867202 -0.436725
0.417613 -0.872372 -0.254099
0.479627 -0.866895 -0.135837
0.962156 -0.000004 0.272499
0.854495 -0.000004 0.519459
0.480754 -0.000004 0.876856
0.000000 -0.000004 1.000000
-0.480753 -0.000004 0.876856
-0.854495 -0.000004 0.519460
-1.000000 -0.000004 0.000000
-0.854495 -0.000004 -0.519460
-0.480753 -0.000004 -0.876856
0.000000 -0.000004 -1.000000
0.480753 -0.000004 -0.876856
0.854495 -0.000004 -0.519460
0.962156 -0.000004 -0.272499
0.479631 0.866892 0.135839
0.417615 0.872371 0.254101
0.239234 0.867201 0.436725
0.000000 0.864660 0.502357
-0.239237 0.867200 0.436727
-0.417615 0.872370 0.254101
-0.484120 0.875002 0.000000
-0.417616 0.872370 -0.254101
-0.239237 0.867199 -0.436729
0.000000 0.864660 -0.502358
0.239235 0.867200 -0.436728
0.417616 0.872370 -0.254101
0.479631 0.866892 -0.135838
120
0 0 1 2 0 1 2 1
0 3 4 5 3 4 5 1
0 6 2 7 6 2 7 1
0 8 9 4 8 9 4 1
0 10 7 11 10 7 11 1
0 12 13 9 12 13 9 1
0 14 11 15 14 11 15 1
0 16 17 13 16 17 13 1
0 18 15 19 18 15 19 1
0 20 21 17 20 21 17 1
0 22 19 23 22 19 23 1
0 24 25 21 24 25 21 1
0 26 23 27 26 23 27 1
0 28 29 25 28 29 25 1
0 30 27 31 30 27 31 1
0 32 33 29 32 33 29 1
0 34 31 35 34 31 35 1
0 36 37 33 36 37 33 1
0 38 35 39 38 35 39 1
0 40 41 37 40 41 37 1
0 42 39 43 42 39 43 1
0 44 45 41 44 45 41 1
0 46 43 47 46 43 47 1
0 48 49 45 48 49 45 1
0 1 50 51 1 50 51 1
0 1 51 2 1 51 2 1
0 2 51 7 2 51 7 1
0 51 52 7 51 52 7 1
0 7 52 53 7 52 53 1
0 7 53 11 7 53 11 1
0 11 53 15 11 53 15 1
0 53 54 15 53 54 15 1
0 15 54 55 15 54 55 1
0 15 55 19 15 55 19 1
0 19 55 23 19 55 23 1
0 55 56 23 55 56 23 1
0 23 56 57 23 56 57 1
0 23 57 27 23 57 27 1
0 27 57 31 27 57 31 1
0 57 58 31 57 58 31 1
0 31 58 59 31 58 59 1
0 31 59 35 31 59 35 1
0 35 59 39 35 59 39 1
0 59 60 39 59 60 39 1
0 39 60 61 39 60 61 1
0 39 61 43 39 61 43 1
0 43 61 47 43 61 47 1
0 61 62 47 61 62 47 1
0 50 63 51 50 63 51 1
0 63 64 51 63 64 51 1
0 51 64 65 51 64 65 1
0 51 65 52 51 65 52 1
0 52 65 53 52 65 53 1
0 65 66 53 65 66 53 1
0 53 66 67 53 66 67 1
0 53 67 54 53 67 54 1
0 54 67 55 54 67 55 1
0 67 68 55 67 68 55 1
0 55 68 69 55 68 69 1
0 55 69 56 55 69 56 1
0 56 69 57 56 69 57 1
0 69 70 57 69 70 57 1
0 57 70 71 57 70 71 1
0 57 71 58 57 71 58 1
0 58 71 59 58 71 59 1
0 71 72 59 71 72 59 1
0 59 72 73 59 72 73 1
0 59 73 60 59 73 60 1
0 60 73 61 60 73 61 1
0 73 74 61 73 74 61 1
0 61 74 75 61 74 75 1
0 61 75 62 61 75 62 1
0 63 76 77 63 76 77 1
0 63 77 64 63 77 64 1
0 64 77 65 64 77 65 1
0 77 78 65 77 78 65 1
0 65 78 79 65 78 79 1
0 65 79 66 65 79 66 1
0 66 79 67 66 79 67 1
0 79 80 67 79 80 67 1
0 67 80 81 67 80 81 1
0 67 81 68 67 81 68 1
0 68 81 69 68 81 69 1
0 81 82 69 81 82 69 1
0 69 82 83 69 82 83 1
0 69 83 70 69 83 70 1
0 70 83 71 70 83 71 1
0 83 84 71 83 84 71 1
0 71 84 85 71 84 85 1
0 71 85 72 71 85 72 1
0 72 85 73 72 85 73 1
0 85 86 73 85 86 73 1
0 73 86 87 73 86 87 1
0 73 87 74 73 87 74 1
0 74 87 75 74 87 75 1
0 87 88 75 87 88 75 1
0 76 5 77 76 5 77 1
0 5 4 77 5 4 77 1
0 77 4 9 77 4 9 1
0 77 9 78 77 9 78 1
0 78 9 79 78 9 79 1
0 9 13 79 9 13 79 1
0 79 13 17 79 13 17 1
0 79 17 80 79 17 80 1
0 80 17 81 80 17 81 1
0 17 21 81 17 21 81 1
0 81 21 25 81 21 25 1
0 81 25 82 81 25 82 1
0 82 25 83 82 25 83 1
0 25 29 83 25 29 83 1
0 83 29 33 83 29 33 1
0 83 33 84 83 33 84 1
0 84 33 85 84 33 85 1
0 33 37 85 33 37 85 1
0 85 37 41 85 37 41 1
0 85 41 86 85 41 86 1
0 86 41 87 86 41 87 1
0 41 45 87 41 45 87 1
0 87 45 49 87 45 49 1
0 87 49 88 87 49 88 1