Frames: 30
Frame: 1

Meshes: 8
"ship_body" 0 -1
229
0 -3.567950 59.144753 -19.085957 0.000000 1.000000 -1
0 -1.384721 59.778843 -23.397562 0.000000 0.900000 -1
0 0.093073 60.522343 -22.208799 0.050000 0.900000 -1
0 -8.432060 71.472404 -20.863337 0.000000 0.000000 -1
0 -4.532993 72.246712 -23.899172 0.050000 0.100000 -1
0 -6.010774 71.503227 -25.087997 0.000000 0.100000 -1
0 -3.567950 59.144753 -19.085957 0.050000 1.000000 -1
0 1.200821 61.160538 -20.718592 0.100000 0.900000 -1
0 -8.432060 71.472404 -20.863337 0.050000 0.000000 -1
0 -3.425231 72.884895 -22.408983 0.100000 0.100000 -1
0 -3.567950 59.144753 -19.085957 0.100000 1.000000 -1
0 1.830130 61.630966 -19.072842 0.150000 0.900000 -1
0 -8.432060 71.472404 -20.863337 0.100000 0.000000 -1
0 -2.795929 73.355370 -20.763226 0.150000 0.100000 -1
0 -3.567950 59.144753 -19.085957 0.150000 1.000000 -1
0 1.919366 61.887505 -17.432632 0.200000 0.900000 -1
0 -8.432060 71.472404 -20.863337 0.150000 0.000000 -1
0 -2.706675 73.611809 -19.122995 0.200000 0.100000 -1
0 -3.567950 59.144753 -19.085957 0.200000 1.000000 -1
0 1.459846 61.905083 -15.958506 0.250000 0.900000 -1
0 -8.432060 71.472404 -20.863337 0.200000 0.000000 -1
0 -3.166187 73.629417 -17.648886 0.250000 0.100000 -1
0 -3.567950 59.144753 -19.085957 0.250000 1.000000 -1
0 0.496505 61.682030 -14.794790 0.300000 0.900000 -1
0 -8.432060 71.472404 -20.863337 0.250000 0.000000 -1
0 -4.129541 73.406349 -16.485176 0.300000 0.100000 -1
0 -3.567950 59.144753 -19.085957 0.300000 1.000000 -1
0 -0.876334 61.240128 -14.055372 0.350000 0.900000 -1
0 -8.432060 71.472404 -20.863337 0.300000 0.000000 -1
0 -5.502385 72.964531 -15.745772 0.350000 0.100000 -1
0 -3.567950 59.144753 -19.085957 0.350000 1.000000 -1
0 -2.524329 60.622623 -13.812654 0.400000 0.900000 -1
0 -8.432060 71.472404 -20.863337 0.350000 0.000000 -1
0 -7.150368 72.346992 -15.503046 0.400000 0.100000 -1
0 -3.567950 59.144753 -19.085957 0.400000 1.000000 -1
0 -4.286119 59.890003 -14.090353 0.450000 0.900000 -1
0 -8.432060 71.472404 -20.863337 0.400000 0.000000 -1
0 -8.912173 71.614311 -15.780735 0.450000 0.100000 -1
0 -3.567950 59.144753 -19.085957 0.450000 1.000000 -1
0 -5.989255 59.113960 -14.861326 0.500000 0.900000 -1
0 -8.432060 71.472404 -20.863337 0.450000 0.000000 -1
0 -10.615299 70.838326 -16.551758 0.500000 0.100000 -1
0 -3.567950 59.144753 -19.085957 0.500000 1.000000 -1
0 -7.467031 58.370472 -16.050116 0.550000 0.900000 -1
0 -8.432060 71.472404 -20.863337 0.500000 0.000000 -1
0 -12.093075 70.094826 -17.740517 0.550000 0.100000 -1
0 -3.567950 59.144753 -19.085957 0.550000 1.000000 -1
0 -8.574804 57.732327 -17.540329 0.600000 0.900000 -1
0 -8.432060 71.472404 -20.863337 0.550000 0.000000 -1
0 -13.200846 69.456673 -19.230730 0.600000 0.100000 -1
0 -3.567950 59.144753 -19.085957 0.600000 1.000000 -1
0 -9.204112 57.261902 -19.186068 0.650000 0.900000 -1
0 -8.432060 71.472404 -20.863337 0.600000 0.000000 -1
0 -13.830133 68.986206 -20.876450 0.650000 0.100000 -1
0 -3.567950 59.144753 -19.085957 0.650000 1.000000 -1
0 -9.293362 57.005333 -20.826294 0.700000 0.900000 -1
0 -8.432060 71.472404 -20.863337 0.650000 0.000000 -1
0 -13.919395 68.729668 -22.516680 0.700000 0.100000 -1
0 -3.567950 59.144753 -19.085957 0.700000 1.000000 -1
0 -8.833794 56.987701 -22.300392 0.750000 0.900000 -1
0 -8.432060 71.472404 -20.863337 0.700000 0.000000 -1
0 -13.459849 68.712143 -23.990814 0.750000 0.100000 -1
0 -3.567950 59.144753 -19.085957 0.750000 1.000000 -1
0 -7.870474 57.210827 -23.464106 0.800000 0.900000 -1
0 -8.432060 71.472404 -20.863337 0.750000 0.000000 -1
0 -12.496500 68.935188 -25.154554 0.800000 0.100000 -1
0 -3.567950 59.144753 -19.085957 0.800000 1.000000 -1
0 -6.497627 57.652744 -24.203560 0.850000 0.900000 -1
0 -8.432060 71.472404 -20.863337 0.800000 0.000000 -1
0 -11.123663 69.377075 -25.893896 0.850000 0.100000 -1
0 -3.567950 59.144753 -19.085957 0.850000 1.000000 -1
0 -4.849646 58.270157 -24.446255 0.900000 0.900000 -1
0 -8.432060 71.472404 -20.863337 0.850000 0.000000 -1
0 -9.475676 69.994606 -26.136675 0.900000 0.100000 -1
0 -3.567950 59.144753 -19.085957 0.900000 1.000000 -1
0 -3.087850 59.002834 -24.168579 0.950000 0.900000 -1
0 -8.432060 71.472404 -20.863337 0.900000 0.000000 -1
0 -7.713904 70.727242 -25.858940 0.950000 0.100000 -1
0 -3.567950 59.144753 -19.085957 0.950000 1.000000 -1
0 -1.384721 59.778843 -23.397562 1.000000 0.900000 -1
0 -8.432060 71.472404 -20.863337 0.950000 0.000000 -1
0 -6.010774 71.503227 -25.087997 1.000000 0.100000 -1
0 0.346742 60.954319 -27.374088 0.000000 0.800000 -1
0 3.157621 62.368454 -25.112946 0.050000 0.800000 -1
0 5.264740 63.582397 -22.278412 0.100000 0.800000 -1
0 6.461771 64.477119 -19.147968 0.150000 0.800000 -1
0 6.631550 64.965157 -16.028120 0.200000 0.800000 -1
0 5.757462 64.998634 -13.224157 0.250000 0.800000 -1
0 3.925097 64.574348 -11.010582 0.300000 0.800000 -1
0 1.313731 63.733734 -9.604194 0.350000 0.800000 -1
0 -1.820915 62.559242 -9.142471 0.400000 0.800000 -1
0 -5.172045 61.165596 -9.670730 0.450000 0.800000 -1
0 -8.411593 59.689583 -11.137234 0.500000 0.800000 -1
0 -11.222500 58.275337 -13.398397 0.550000 0.800000 -1
0 -13.329596 57.061462 -16.232952 0.600000 0.800000 -1
0 -14.526585 56.166740 -19.363367 0.650000 0.800000 -1
0 -14.696384 55.678783 -22.483257 0.700000 0.800000 -1
0 -13.822273 55.645279 -25.287205 0.750000 0.800000 -1
0 -11.989897 56.069580 -27.500696 0.800000 0.800000 -1
0 -9.378585 56.910141 -28.907150 0.850000 0.800000 -1
0 -6.243945 58.084724 -29.368820 0.900000 0.800000 -1
0 -2.892821 59.478165 -28.840586 0.950000 0.800000 -1
0 0.346742 60.954319 -27.374088 1.000000 0.800000 -1
0 1.456920 62.556007 -30.626331 0.000000 0.700000 -1
0 5.325798 64.502480 -27.514122 0.050000 0.700000 -1
0 8.225988 66.173248 -23.612698 0.100000 0.700000 -1
0 9.873575 67.404770 -19.304035 0.150000 0.700000 -1
0 10.107164 68.076370 -15.009940 0.200000 0.700000 -1
0 8.904104 68.122528 -11.150631 0.250000 0.700000 -1
0 6.382052 67.538475 -8.103962 0.300000 0.700000 -1
0 2.787883 66.381508 -6.168087 0.350000 0.700000 -1
0 -1.526561 64.764877 -5.532633 0.400000 0.700000 -1
0 -6.138989 62.846916 -6.259735 0.450000 0.700000 -1
0 -10.597881 60.815182 -8.278214 0.500000 0.700000 -1
0 -14.466755 58.868690 -11.390428 0.550000 0.700000 -1
0 -17.366898 57.197926 -15.291866 0.600000 0.700000 -1
0 -19.014465 55.966442 -19.600525 0.650000 0.700000 -1
0 -19.248117 55.294777 -23.894661 0.700000 0.700000 -1
0 -18.045042 55.248741 -27.753952 0.750000 0.700000 -1
0 -15.522987 55.832733 -30.800579 0.800000 0.700000 -1
0 -11.928833 56.989662 -32.736420 0.850000 0.700000 -1
0 -7.614363 58.606239 -33.371906 0.900000 0.700000 -1
0 -3.001954 60.524292 -32.644821 0.950000 0.700000 -1
0 1.456920 62.556007 -30.626331 1.000000 0.700000 -1
0 1.837181 64.427132 -32.835907 0.000000 0.600000 -1
0 6.385293 66.715439 -29.177254 0.050000 0.600000 -1
0 9.794666 68.679520 -24.590902 0.100000 0.600000 -1
0 11.731466 70.127129 -19.525785 0.150000 0.600000 -1
0 12.006123 70.916740 -14.477761 0.200000 0.600000 -1
0 10.591845 70.970924 -9.940855 0.250000 0.600000 -1
0 7.626935 70.284340 -6.359277 0.300000 0.600000 -1
0 3.401794 68.924347 -4.083583 0.350000 0.600000 -1
0 -1.670153 67.023857 -3.336502 0.400000 0.600000 -1
0 -7.092389 64.769073 -4.191241 0.450000 0.600000 -1
0 -12.334129 62.380692 -6.564069 0.500000 0.600000 -1
0 -16.882238 60.092430 -10.222768 0.550000 0.600000 -1
0 -20.291590 58.128345 -14.809181 0.600000 0.600000 -1
0 -22.228416 56.680653 -19.874292 0.650000 0.600000 -1
0 -22.503092 55.891125 -24.922371 0.700000 0.600000 -1
0 -21.088800 55.836914 -29.459156 0.750000 0.600000 -1
0 -18.123922 56.523472 -33.040760 0.800000 0.600000 -1
0 -13.898726 57.883522 -35.316460 0.850000 0.600000 -1
0 -8.826791 59.783920 -36.063530 0.900000 0.600000 -1
0 -3.404582 62.038742 -35.208824 0.950000 0.600000 -1
0 1.837181 64.427132 -32.835907 1.000000 0.600000 -1
0 1.450283 66.384384 -33.786560 0.000000 0.500000 -1
0 6.232472 68.790512 -29.939598 0.050000 0.500000 -1
0 9.817324 70.855614 -25.117210 0.100000 0.500000 -1
0 11.853729 72.377815 -19.791431 0.150000 0.500000 -1
0 12.142569 73.208107 -14.483581 0.200000 0.500000 -1
0 10.655481 73.265007 -9.713255 0.250000 0.500000 -1
0 7.538045 72.543129 -5.947339 0.300000 0.500000 -1
0 3.095412 71.113106 -3.554558 0.350000 0.500000 -1
0 -2.237516 69.114853 -2.769003 0.400000 0.500000 -1
0 -7.938812 66.744102 -3.667753 0.450000 0.500000 -1
0 -13.450291 64.232788 -6.162718 0.500000 0.500000 -1
0 -18.232433 61.826675 -10.009645 0.550000 0.500000 -1
0 -21.817259 59.761555 -14.832086 0.600000 0.500000 -1
0 -23.853807 58.239349 -20.157885 0.650000 0.500000 -1
0 -24.142614 57.409157 -25.465706 0.700000 0.500000 -1
0 -22.655483 57.352249 -30.236034 0.750000 0.500000 -1
0 -19.538048 58.074081 -34.001900 0.800000 0.500000 -1
0 -15.095417 59.504124 -36.394806 0.850000 0.500000 -1
0 -9.762449 61.502312 -37.180290 0.900000 0.500000 -1
0 -4.061195 63.873154 -36.281578 0.950000 0.500000 -1
0 1.450283 66.384384 -33.786560 1.000000 0.500000 -1
0 0.334118 68.236526 -33.385162 0.000000 0.400000 -1
0 4.882252 70.524742 -29.726486 0.050000 0.400000 -1
0 8.291637 72.488777 -25.140131 0.100000 0.400000 -1
0 10.228378 73.936501 -20.074995 0.150000 0.400000 -1
0 10.503029 74.726097 -15.026983 0.200000 0.400000 -1
0 9.088751 74.780281 -10.490080 0.250000 0.400000 -1
0 6.123902 74.093819 -6.908531 0.300000 0.400000 -1
0 1.898730 72.733681 -4.632798 0.350000 0.400000 -1
0 -3.173198 70.833305 -3.885759 0.400000 0.400000 -1
0 -8.595457 68.578461 -4.740474 0.450000 0.400000 -1
0 -13.837194 66.190086 -7.113329 0.500000 0.400000 -1
0 -18.385292 63.901794 -10.771985 0.550000 0.400000 -1
0 -21.794630 61.937729 -15.358411 0.600000 0.400000 -1
0 -23.731506 60.490044 -20.423513 0.650000 0.400000 -1
0 -24.006210 59.700493 -25.471626 0.700000 0.400000 -1
0 -22.591839 59.646286 -30.008427 0.750000 0.400000 -1
0 -19.626978 60.332840 -33.589989 0.800000 0.400000 -1
0 -15.401775 61.692856 -35.865681 0.850000 0.400000 -1
0 -10.329819 63.593246 -36.612808 0.900000 0.400000 -1
0 -4.907601 65.848114 -35.758034 0.950000 0.400000 -1
0 0.334118 68.236526 -33.385162 1.000000 0.400000 -1
0 -1.402129 69.802071 -31.671087 0.000000 0.300000 -1
0 2.466738 71.748528 -28.558813 0.050000 0.300000 -1
0 5.366926 73.419273 -24.657429 0.100000 0.300000 -1
0 7.014495 74.650795 -20.348780 0.150000 0.300000 -1
0 7.248150 75.322426 -16.054640 0.200000 0.300000 -1
0 6.045061 75.368446 -12.195313 0.250000 0.300000 -1
0 3.522989 74.784538 -9.148697 0.300000 0.300000 -1
0 -0.071151 73.627586 -7.212824 0.350000 0.300000 -1
0 -4.385636 72.010948 -6.577341 0.400000 0.300000 -1
0 -8.998053 70.092918 -7.304424 0.450000 0.300000 -1
0 -13.456922 68.061234 -9.322941 0.500000 0.300000 -1
0 -17.325813 66.114716 -12.435154 0.550000 0.300000 -1
0 -20.225946 64.443954 -16.336569 0.600000 0.300000 -1
0 -21.873512 63.212463 -20.645275 0.650000 0.300000 -1
0 -22.107218 62.540756 -24.939375 0.700000 0.300000 -1
0 -20.904091 62.494682 -28.798603 0.750000 0.300000 -1
0 -18.382032 63.078758 -31.845310 0.800000 0.300000 -1
0 -14.787876 64.235718 -33.781143 0.850000 0.300000 -1
0 -10.473424 65.852371 -34.416672 0.900000 0.300000 -1
0 -5.861023 67.770233 -33.689491 0.950000 0.300000 -1
0 -1.402129 69.802071 -31.671087 1.000000 0.300000 -1
0 -3.588399 70.927650 -28.811993 0.000000 0.200000 -1
0 -0.777501 72.341927 -26.550884 0.050000 0.200000 -1
0 1.329590 73.555717 -23.716343 0.100000 0.200000 -1
0 2.526604 74.450432 -20.585920 0.150000 0.200000 -1
0 2.696383 74.938515 -17.466049 0.200000 0.200000 -1
0 1.822313 74.971916 -14.662119 0.250000 0.200000 -1
0 -0.010084 74.547661 -12.448519 0.300000 0.200000 -1
0 -2.621407 73.707100 -11.042121 0.350000 0.200000 -1
0 -5.756061 72.532555 -10.580393 0.400000 0.200000 -1
0 -9.107202 71.138954 -11.108632 0.450000 0.200000 -1
0 -12.346766 69.662941 -12.575162 0.500000 0.200000 -1
0 -15.157639 68.248756 -14.836378 0.550000 0.200000 -1
0 -17.264725 67.034805 -17.670898 0.600000 0.200000 -1
0 -18.461702 66.140106 -20.801298 0.650000 0.200000 -1
0 -18.631519 65.652092 -23.921162 0.700000 0.200000 -1
0 -17.757439 65.618645 -26.725119 0.750000 0.200000 -1
0 -15.925026 66.042931 -28.938595 0.800000 0.200000 -1
0 -13.313738 66.883499 -30.345047 0.850000 0.200000 -1
0 -10.179110 68.057945 -30.806782 0.900000 0.200000 -1
0 -6.827963 69.451500 -30.278482 0.950000 0.200000 -1
0 -3.588399 70.927650 -28.811993 1.000000 0.200000 -1
229
0.402947 -0.912555 0.069831
0.455713 -0.890072 -0.009834
0.452339 -0.891542 0.023274
-0.323674 0.929134 -0.178729
-0.268878 0.936847 -0.223657
-0.262332 0.930450 -0.255823
0.411853 -0.907508 0.082498
0.483342 -0.874451 0.041437
-0.314905 0.934475 -0.166104
-0.236250 0.949845 -0.204893
0.416070 -0.903897 0.099275
0.470226 -0.877800 0.091404
-0.310926 0.938614 -0.149431
-0.252799 0.954871 -0.155932
0.415151 -0.902003 0.118492
0.480160 -0.866973 0.133433
-0.312096 0.941093 -0.130151
-0.242145 0.963570 -0.113574
0.409147 -0.901928 0.138295
0.446277 -0.878146 0.172328
-0.318254 0.941549 -0.110454
-0.278141 0.957572 -0.075449
0.398595 -0.903630 0.156761
0.429842 -0.875233 0.221816
-0.328818 0.939898 -0.092039
-0.292783 0.955839 -0.025496
0.384570 -0.906931 0.171997
0.388709 -0.891059 0.234349
-0.342697 0.936301 -0.076812
-0.334723 0.942222 -0.013316
0.368444 -0.911551 0.182549
0.351918 -0.895736 0.271680
-0.358658 0.931121 -0.066164
-0.368242 0.929395 0.024960
0.351833 -0.917113 0.187396
0.320640 -0.912629 0.253569
-0.375021 0.924990 -0.061251
-0.400828 0.916131 0.006442
0.336405 -0.923150 0.186078
0.277917 -0.923369 0.264862
-0.390234 0.918591 -0.062509
-0.440338 0.897636 0.018744
0.323674 -0.929133 0.178738
0.268867 -0.936850 0.223659
-0.402948 0.912555 -0.069835
-0.452330 0.891547 -0.023270
0.314889 -0.934483 0.166091
0.236248 -0.949848 0.204882
-0.411838 0.907517 -0.082480
-0.483337 0.874453 -0.041441
0.310908 -0.938622 0.149413
0.252798 -0.954867 0.155956
-0.416067 0.903895 -0.099304
-0.470224 0.877800 -0.091414
0.312073 -0.941090 0.130227
0.242131 -0.963570 0.113604
-0.415150 0.902005 -0.118484
-0.480161 0.866974 -0.133419
0.318247 -0.941548 0.110479
0.278143 -0.957572 0.075440
-0.409151 0.901930 -0.138271
-0.446277 0.878148 -0.172317
0.328845 -0.939891 0.092006
0.292804 -0.955833 0.025466
-0.398586 0.903635 -0.156759
-0.429833 0.875237 -0.221820
0.342737 -0.936290 0.076763
0.334716 -0.942225 0.013313
-0.384555 0.906936 -0.172001
-0.388711 0.891059 -0.234343
0.358597 -0.931143 0.066183
0.368218 -0.929404 -0.024956
-0.368463 0.911547 -0.182531
-0.351920 0.895735 -0.271682
0.375021 -0.924990 0.061252
0.400832 -0.916129 -0.006439
-0.351843 0.917112 -0.187380
-0.320629 0.912631 -0.253577
0.390243 -0.918587 0.062511
0.424816 -0.904857 -0.027659
-0.336390 0.923159 -0.186061
-0.293395 0.915943 -0.273803
0.524916 -0.841763 -0.126090
0.546170 -0.831930 -0.097934
0.578315 -0.815187 -0.031978
0.589300 -0.806382 0.049731
0.576505 -0.805085 0.139574
0.539828 -0.810278 0.228115
0.482606 -0.820845 0.305458
0.411432 -0.835946 0.363204
0.334689 -0.855079 0.396009
0.260701 -0.877815 0.401841
0.196652 -0.903319 0.381239
0.148193 -0.929952 0.336493
0.119493 -0.955060 0.271260
0.113266 -0.975077 0.190777
0.130349 -0.986187 0.102194
0.169129 -0.985488 0.014466
0.225394 -0.972239 -0.062835
0.292949 -0.948397 -0.121339
0.364895 -0.917989 -0.155394
0.434738 -0.885781 -0.162466
0.468080 -0.869259 -0.159028
0.616075 -0.722367 -0.314067
0.655084 -0.706735 -0.267189
0.716324 -0.680236 -0.155430
0.743869 -0.668182 -0.013857
0.728759 -0.668955 0.146318
0.666304 -0.679709 0.306650
0.561694 -0.697545 0.444894
0.430402 -0.720929 0.543153
0.291730 -0.749990 0.593640
0.161766 -0.785509 0.597333
0.051196 -0.827701 0.558829
-0.033028 -0.875148 0.482727
-0.085168 -0.923932 0.372956
-0.099642 -0.966924 0.234795
-0.072256 -0.994311 0.078265
-0.003598 -0.996816 -0.079652
0.098162 -0.971044 -0.217801
0.218948 -0.922344 -0.318346
0.344214 -0.861852 -0.372461
0.463094 -0.800889 -0.379633
0.518888 -0.770094 -0.371092
0.687111 -0.433802 -0.582834
0.753792 -0.407673 -0.515365
0.865094 -0.360927 -0.348345
0.934187 -0.333618 -0.126464
0.934067 -0.327065 0.143342
0.837775 -0.341519 0.426026
0.649454 -0.373602 0.662292
0.413728 -0.417422 0.809066
0.180145 -0.468954 0.864656
-0.025380 -0.527565 0.849135
-0.196265 -0.594361 0.779882
-0.331931 -0.669958 0.664062
-0.428939 -0.752142 0.500294
-0.475849 -0.832312 0.284298
-0.452803 -0.891355 0.021332
-0.344011 -0.903276 -0.256415
-0.161481 -0.855218 -0.492469
0.053987 -0.763179 -0.643928
0.263984 -0.656725 -0.706417
0.451614 -0.557045 -0.696955
0.536544 -0.508296 -0.673613
0.586247 0.116605 -0.801697
0.669196 0.160255 -0.725600
0.811561 0.244359 -0.530715
0.909615 0.321308 -0.263366
0.922961 0.375931 0.082570
0.800287 0.381626 0.462496
0.544126 0.324898 0.773543
0.234782 0.227466 0.945059
-0.052625 0.120860 0.991274
-0.294953 0.020249 0.955297
-0.497474 -0.072609 0.864435
-0.669196 -0.160262 0.725598
-0.811559 -0.244358 0.530718
-0.909616 -0.321303 0.263370
-0.922962 -0.375928 -0.082580
-0.800290 -0.381612 -0.462502
-0.544129 -0.324901 -0.773540
-0.234788 -0.227461 -0.945059
0.052626 -0.120859 -0.991274
0.294951 -0.020238 -0.955298
0.401791 0.027579 -0.915316
0.271739 0.627100 -0.730003
0.331933 0.669956 -0.664063
0.428942 0.752141 -0.500293
0.475856 0.832306 -0.284301
0.452795 0.891359 -0.021338
0.344008 0.903280 0.256407
0.161483 0.855218 0.492468
-0.053986 0.763169 0.643940
-0.263983 0.656720 0.706422
-0.451611 0.557040 0.696961
-0.614636 0.473203 0.631111
-0.753795 0.407668 0.515363
-0.865095 0.360925 0.348345
-0.934184 0.333626 0.126470
-0.934065 0.327068 -0.143348
-0.837771 0.341519 -0.426033
-0.649454 0.373594 -0.662297
-0.413728 0.417427 -0.809064
-0.180141 0.468941 -0.864664
0.025376 0.527571 -0.849132
0.118971 0.556103 -0.822554
-0.001763 0.848816 -0.528685
0.033039 0.875146 -0.482730
0.085176 0.923930 -0.372959
0.099649 0.966923 -0.234797
0.072263 0.994310 -0.078263
0.003603 0.996817 0.079645
-0.098159 0.971046 0.217794
-0.218952 0.922340 0.318355
-0.344217 0.861848 0.372468
-0.463091 0.800893 0.379628
-0.568543 0.747634 0.343223
-0.655086 0.706736 0.267182
-0.716323 0.680238 0.155425
-0.743863 0.668189 0.013856
-0.728755 0.668961 -0.146316
-0.666307 0.679707 -0.306649
-0.561693 0.697546 -0.444894
-0.430406 0.720928 -0.543152
-0.291723 0.749993 -0.593640
-0.161774 0.785517 -0.597320
-0.100447 0.803438 -0.586854
-0.167839 0.916029 -0.364308
-0.148195 0.929953 -0.336489
-0.119487 0.955064 -0.271250
-0.113261 0.975077 -0.190781
-0.130350 0.986187 -0.102198
-0.169131 0.985487 -0.014467
-0.225393 0.972240 0.062823
-0.292950 0.948397 0.121340
-0.364907 0.917984 0.155396
-0.434738 0.885781 0.162467
-0.496803 0.856059 0.142649
-0.546172 0.831929 0.097930
-0.578319 0.815184 0.031975
-0.589301 0.806381 -0.049730
-0.576509 0.805084 -0.139562
-0.539829 0.810277 -0.228114
-0.482602 0.820847 -0.305461
-0.411433 0.835947 -0.363202
-0.334672 0.855085 -0.396011
-0.260697 0.877812 -0.401849
-0.225257 0.889439 -0.397691
360
0 0 1 2 0 1 2 1
0 3 4 5 3 4 5 1
0 6 2 7 6 2 7 1
0 8 9 4 8 9 4 1
0 10 7 11 10 7 11 1
0 12 13 9 12 13 9 1
0 14 11 15 14 11 15 1
0 16 17 13 16 17 13 1
0 18 15 19 18 15 19 1
0 20 21 17 20 21 17 1
0 22 19 23 22 19 23 1
0 24 25 21 24 25 21 1
0 26 23 27 26 23 27 1
0 28 29 25 28 29 25 1
0 30 27 31 30 27 31 1
0 32 33 29 32 33 29 1
0 34 31 35 34 31 35 1
0 36 37 33 36 37 33 1
0 38 35 39 38 35 39 1
0 40 41 37 40 41 37 1
0 42 39 43 42 39 43 1
0 44 45 41 44 45 41 1
0 46 43 47 46 43 47 1
0 48 49 45 48 49 45 1
0 50 47 51 50 47 51 1
0 52 53 49 52 53 49 1
0 54 51 55 54 51 55 1
0 56 57 53 56 57 53 1
0 58 55 59 58 55 59 1
0 60 61 57 60 61 57 1
0 62 59 63 62 59 63 1
0 64 65 61 64 65 61 1
0 66 63 67 66 63 67 1
0 68 69 65 68 69 65 1
0 70 67 71 70 67 71 1
0 72 73 69 72 73 69 1
0 74 71 75 74 71 75 1
0 76 77 73 76 77 73 1
0 78 75 79 78 75 79 1
0 80 81 77 80 81 77 1
0 1 82 83 1 82 83 1
0 1 83 2 1 83 2 1
0 2 83 7 2 83 7 1
0 83 84 7 83 84 7 1
0 7 84 85 7 84 85 1
0 7 85 11 7 85 11 1
0 11 85 15 11 85 15 1
0 85 86 15 85 86 15 1
0 15 86 87 15 86 87 1
0 15 87 19 15 87 19 1
0 19 87 23 19 87 23 1
0 87 88 23 87 88 23 1
0 23 88 89 23 88 89 1
0 23 89 27 23 89 27 1
0 27 89 31 27 89 31 1
0 89 90 31 89 90 31 1
0 31 90 91 31 90 91 1
0 31 91 35 31 91 35 1
0 35 91 39 35 91 39 1
0 91 92 39 91 92 39 1
0 39 92 93 39 92 93 1
0 39 93 43 39 93 43 1
0 43 93 47 43 93 47 1
0 93 94 47 93 94 47 1
0 47 94 95 47 94 95 1
0 47 95 51 47 95 51 1
0 51 95 55 51 95 55 1
0 95 96 55 95 96 55 1
0 55 96 97 55 96 97 1
0 55 97 59 55 97 59 1
0 59 97 63 59 97 63 1
0 97 98 63 97 98 63 1
0 63 98 99 63 98 99 1
0 63 99 67 63 99 67 1
0 67 99 71 67 99 71 1
0 99 100 71 99 100 71 1
0 71 100 101 71 100 101 1
0 71 101 75 71 101 75 1
0 75 101 79 75 101 79 1
0 101 102 79 101 102 79 1
0 82 103 83 82 103 83 1
0 103 104 83 103 104 83 1
0 83 104 105 83 104 105 1
0 83 105 84 83 105 84 1
0 84 105 85 84 105 85 1
0 105 106 85 105 106 85 1
0 85 106 107 85 106 107 1
0 85 107 86 85 107 86 1
0 86 107 87 86 107 87 1
0 107 108 87 107 108 87 1
0 87 108 109 87 108 109 1
0 87 109 88 87 109 88 1
0 88 109 89 88 109 89 1
0 109 110 89 109 110 89 1
0 89 110 111 89 110 111 1
0 89 111 90 89 111 90 1
0 90 111 91 90 111 91 1
0 111 112 91 111 112 91 1
0 91 112 113 91 112 113 1
0 91 113 92 91 113 92 1
0 92 113 93 92 113 93 1
0 113 114 93 113 114 93 1
0 93 114 115 93 114 115 1
0 93 115 94 93 115 94 1
0 94 115 95 94 115 95 1
0 115 116 95 115 116 95 1
0 95 116 117 95 116 117 1
0 95 117 96 95 117 96 1
0 96 117 97 96 117 97 1
0 117 118 97 117 118 97 1
0 97 118 119 97 118 119 1
0 97 119 98 97 119 98 1
0 98 119 99 98 119 99 1
0 119 120 99 119 120 99 1
0 99 120 121 99 120 121 1
0 99 121 100 99 121 100 1
0 100 121 101 100 121 101 1
0 121 122 101 121 122 101 1
0 101 122 123 101 122 123 1
0 101 123 102 101 123 102 1
0 103 124 125 103 124 125 1
0 103 125 104 103 125 104 1
0 104 125 105 104 125 105 1
0 125 126 105 125 126 105 1
0 105 126 127 105 126 127 1
0 105 127 106 105 127 106 1
0 106 127 107 106 127 107 1
0 127 128 107 127 128 107 1
0 107 128 129 107 128 129 1
0 107 129 108 107 129 108 1
0 108 129 109 108 129 109 1
0 129 130 109 129 130 109 1
0 109 130 131 109 130 131 1
0 109 131 110 109 131 110 1
0 110 131 111 110 131 111 1
0 131 132 111 131 132 111 1
0 111 132 133 111 132 133 1
0 111 133 112 111 133 112 1
0 112 133 113 112 133 113 1
0 133 134 113 133 134 113 1
0 113 134 135 113 134 135 1
0 113 135 114 113 135 114 1
0 114 135 115 114 135 115 1
0 135 136 115 135 136 115 1
0 115 136 137 115 136 137 1
0 115 137 116 115 137 116 1
0 116 137 117 116 137 117 1
0 137 138 117 137 138 117 1
0 117 138 139 117 138 139 1
0 117 139 118 117 139 118 1
0 118 139 119 118 139 119 1
0 139 140 119 139 140 119 1
0 119 140 141 119 140 141 1
0 119 141 120 119 141 120 1
0 120 141 121 120 141 121 1
0 141 142 121 141 142 121 1
0 121 142 143 121 142 143 1
0 121 143 122 121 143 122 1
0 122 143 123 122 143 123 1
0 143 144 123 143 144 123 1
0 124 145 125 124 145 125 1
0 145 146 125 145 146 125 1
0 125 146 147 125 146 147 1
0 125 147 126 125 147 126 1
0 126 147 127 126 147 127 1
0 147 148 127 147 148 127 1
0 127 148 149 127 148 149 1
0 127 149 128 127 149 128 1
0 128 149 129 128 149 129 1
0 149 150 129 149 150 129 1
0 129 150 151 129 150 151 1
0 129 151 130 129 151 130 1
0 130 151 131 130 151 131 1
0 151 152 131 151 152 131 1
0 131 152 153 131 152 153 1
0 131 153 132 131 153 132 1
0 132 153 133 132 153 133 1
0 153 154 133 153 154 133 1
0 133 154 155 133 154 155 1
0 133 155 134 133 155 134 1
0 134 155 135 134 155 135 1
0 155 156 135 155 156 135 1
0 135 156 157 135 156 157 1
0 135 157 136 135 157 136 1
0 136 157 137 136 157 137 1
0 157 158 137 157 158 137 1
0 137 158 159 137 158 159 1
0 137 159 138 137 159 138 1
0 138 159 139 138 159 139 1
0 159 160 139 159 160 139 1
0 139 160 161 139 160 161 1
0 139 161 140 139 161 140 1
0 140 161 141 140 161 141 1
0 161 162 141 161 162 141 1
0 141 162 163 141 162 163 1
0 141 163 142 141 163 142 1
0 142 163 143 142 163 143 1
0 163 164 143 163 164 143 1
0 143 164 165 143 164 165 1
0 143 165 144 143 165 144 1
0 145 166 167 145 166 167 1
0 145 167 146 145 167 146 1
0 146 167 147 146 167 147 1
0 167 168 147 167 168 147 1
0 147 168 169 147 168 169 1
0 147 169 148 147 169 148 1
0 148 169 149 148 169 149 1
0 169 170 149 169 170 149 1
0 149 170 171 149 170 171 1
0 149 171 150 149 171 150 1
0 150 171 151 150 171 151 1
0 171 172 151 171 172 151 1
0 151 172 173 151 172 173 1
0 151 173 152 151 173 152 1
0 152 173 153 152 173 153 1
0 173 174 153 173 174 153 1
0 153 174 175 153 174 175 1
0 153 175 154 153 175 154 1
0 154 175 155 154 175 155 1
0 175 176 155 175 176 155 1
0 155 176 177 155 176 177 1
0 155 177 156 155 177 156 1
0 156 177 157 156 177 157 1
0 177 178 157 177 178 157 1
0 157 178 179 157 178 179 1
0 157 179 158 157 179 158 1
0 158 179 159 158 179 159 1
0 179 180 159 179 180 159 1
0 159 180 181 159 180 181 1
0 159 181 160 159 181 160 1
0 160 181 161 160 181 161 1
0 181 182 161 181 182 161 1
0 161 182 183 161 182 183 1
0 161 183 162 161 183 162 1
0 162 183 163 162 183 163 1
0 183 184 163 183 184 163 1
0 163 184 185 163 184 185 1
0 163 185 164 163 185 164 1
0 164 185 165 164 185 165 1
0 185 186 165 185 186 165 1
0 166 187 167 166 187 167 1
0 187 188 167 187 188 167 1
0 167 188 189 167 188 189 1
0 167 189 168 167 189 168 1
0 168 189 169 168 189 169 1
0 189 190 169 189 190 169 1
0 169 190 191 169 190 191 1
0 169 191 170 169 191 170 1
0 170 191 171 170 191 171 1
0 191 192 171 191 192 171 1
0 171 192 193 171 192 193 1
0 171 193 172 171 193 172 1
0 172 193 173 172 193 173 1
0 193 194 173 193 194 173 1
0 173 194 195 173 194 195 1
0 173 195 174 173 195 174 1
0 174 195 175 174 195 175 1
0 195 196 175 195 196 175 1
0 175 196 197 175 196 197 1
0 175 197 176 175 197 176 1
0 176 197 177 176 197 177 1
0 197 198 177 197 198 177 1
0 177 198 199 177 198 199 1
0 177 199 178 177 199 178 1
0 178 199 179 178 199 179 1
0 199 200 179 199 200 179 1
0 179 200 201 179 200 201 1
0 179 201 180 179 201 180 1
0 180 201 181 180 201 181 1
0 201 202 181 201 202 181 1
0 181 202 203 181 202 203 1
0 181 203 182 181 203 182 1
0 182 203 183 182 203 183 1
0 203 204 183 203 204 183 1
0 183 204 205 183 204 205 1
0 183 205 184 183 205 184 1
0 184 205 185 184 205 185 1
0 205 206 185 205 206 185 1
0 185 206 207 185 206 207 1
0 185 207 186 185 207 186 1
0 187 208 209 187 208 209 1
0 187 209 188 187 209 188 1
0 188 209 189 188 209 189 1
0 209 210 189 209 210 189 1
0 189 210 211 189 210 211 1
0 189 211 190 189 211 190 1
0 190 211 191 190 211 191 1
0 211 212 191 211 212 191 1
0 191 212 213 191 212 213 1
0 191 213 192 191 213 192 1
0 192 213 193 192 213 193 1
0 213 214 193 213 214 193 1
0 193 214 215 193 214 215 1
0 193 215 194 193 215 194 1
0 194 215 195 194 215 195 1
0 215 216 195 215 216 195 1
0 195 216 217 195 216 217 1
0 195 217 196 195 217 196 1
0 196 217 197 196 217 197 1
0 217 218 197 217 218 197 1
0 197 218 219 197 218 219 1
0 197 219 198 197 219 198 1
0 198 219 199 198 219 199 1
0 219 220 199 219 220 199 1
0 199 220 221 199 220 221 1
0 199 221 200 199 221 200 1
0 200 221 201 200 221 201 1
0 221 222 201 221 222 201 1
0 201 222 223 201 222 223 1
0 201 223 202 201 223 202 1
0 202 223 203 202 223 203 1
0 223 224 203 223 224 203 1
0 203 224 225 203 224 225 1
0 203 225 204 203 225 204 1
0 204 225 205 204 225 205 1
0 225 226 205 225 226 205 1
0 205 226 227 205 226 227 1
0 205 227 206 205 227 206 1
0 206 227 207 206 227 207 1
0 227 228 207 227 228 207 1
0 208 5 209 208 5 209 1
0 5 4 209 5 4 209 1
0 209 4 9 209 4 9 1
0 209 9 210 209 9 210 1
0 210 9 211 210 9 211 1
0 9 13 211 9 13 211 1
0 211 13 17 211 13 17 1
0 211 17 212 211 17 212 1
0 212 17 213 212 17 213 1
0 17 21 213 17 21 213 1
0 213 21 25 213 21 25 1
0 213 25 214 213 25 214 1
0 214 25 215 214 25 215 1
0 25 29 215 25 29 215 1
0 215 29 33 215 29 33 1
0 215 33 216 215 33 216 1
0 216 33 217 216 33 217 1
0 33 37 217 33 37 217 1
0 217 37 41 217 37 41 1
0 217 41 218 217 41 218 1
0 218 41 219 218 41 219 1
0 41 45 219 41 45 219 1
0 219 45 49 219 45 49 1
0 219 49 220 219 49 220 1
0 220 49 221 220 49 221 1
0 49 53 221 49 53 221 1
0 221 53 57 221 53 57 1
0 221 57 222 221 57 222 1
0 222 57 223 222 57 223 1
0 57 61 223 57 61 223 1
0 223 61 65 223 61 65 1
0 223 65 224 223 65 224 1
0 224 65 225 224 65 225 1
0 65 69 225 65 69 225 1
0 225 69 73 225 69 73 1
0 225 73 226 225 73 226 1
0 226 73 227 226 73 227 1
0 73 77 227 73 77 227 1
0 227 77 81 227 77 81 1
0 227 81 228 227 81 228 1
"ship_cockpit" 1 2
89
1 2.864349 72.992073 -14.213467 0.000000 1.000000 -1
1 5.755193 73.542809 -12.250144 0.000000 0.833333 -1
1 4.824170 73.380157 -11.582292 0.083333 0.833333 -1
1 1.914181 76.245056 -13.890014 0.000000 0.000000 -1
1 4.001235 76.197357 -11.302168 0.083333 0.166667 -1
1 4.932207 76.360039 -11.970012 0.000000 0.166667 -1
1 2.864349 72.992073 -14.213467 0.083333 1.000000 -1
1 3.350881 73.171921 -11.613648 0.166667 0.833333 -1
1 1.914181 76.245056 -13.890014 0.083333 0.000000 -1
1 2.528006 75.989120 -11.333549 0.166667 0.166667 -1
1 2.864349 72.992073 -14.213467 0.166667 1.000000 -1
1 1.730265 72.973885 -12.335921 0.250000 0.833333 -1
1 1.914181 76.245056 -13.890014 0.166667 0.000000 -1
1 0.907379 75.791054 -12.055784 0.250000 0.166667 -1
1 2.864349 72.992073 -14.213467 0.250000 1.000000 -1
1 0.396449 72.839035 -13.555376 0.333333 0.833333 -1
1 1.914181 76.245056 -13.890014 0.250000 0.000000 -1
1 -0.426425 75.656258 -13.275267 0.333333 0.166667 -1
1 2.864349 72.992073 -14.213467 0.333333 1.000000 -1
1 -0.293146 72.803719 -14.945379 0.416667 0.833333 -1
1 1.914181 76.245056 -13.890014 0.333333 0.000000 -1
1 -1.116030 75.620926 -14.665291 0.416667 0.166667 -1
1 2.864349 72.992073 -14.213467 0.416667 1.000000 -1
1 -0.153747 72.877159 -16.133482 0.500000 0.833333 -1
1 1.914181 76.245056 -13.890014 0.416667 0.000000 -1
1 -0.976666 75.694389 -15.853374 0.500000 0.166667 -1
1 2.864349 72.992073 -14.213467 0.500000 1.000000 -1
1 0.777328 73.039818 -16.801304 0.583333 0.833333 -1
1 1.914181 76.245056 -13.890014 0.500000 0.000000 -1
1 -0.045614 75.856995 -16.521225 0.583333 0.166667 -1
1 2.864349 72.992073 -14.213467 0.583333 1.000000 -1
1 2.250477 73.248077 -16.769922 0.666667 0.833333 -1
1 1.914181 76.245056 -13.890014 0.583333 0.000000 -1
1 1.427598 76.065239 -16.489788 0.666667 0.166667 -1
1 2.864349 72.992073 -14.213467 0.666667 1.000000 -1
1 3.871090 73.446114 -16.047722 0.750000 0.833333 -1
1 1.914181 76.245056 -13.890014 0.666667 0.000000 -1
1 3.048228 76.263321 -15.767611 0.750000 0.166667 -1
1 2.864349 72.992073 -14.213467 0.750000 1.000000 -1
1 5.204953 73.580803 -14.828214 0.833333 0.833333 -1
1 1.914181 76.245056 -13.890014 0.750000 0.000000 -1
1 4.382020 76.398064 -14.548140 0.833333 0.166667 -1
1 2.864349 72.992073 -14.213467 0.833333 1.000000 -1
1 5.894567 73.616318 -13.438210 0.916667 0.833333 -1
1 1.914181 76.245056 -13.890014 0.833333 0.000000 -1
1 5.071656 76.433411 -13.158114 0.916667 0.166667 -1
1 2.864349 72.992073 -14.213467 0.916667 1.000000 -1
1 5.755193 73.542809 -12.250144 1.000000 0.833333 -1
1 1.914181 76.245056 -13.890014 0.916667 0.000000 -1
1 4.932207 76.360039 -11.970012 1.000000 0.166667 -1
1 7.744085 74.381744 -10.769535 0.000000 0.666667 -1
1 6.131517 74.100082 -9.612812 0.083333 0.666667 -1
1 3.579767 73.739365 -9.667166 0.166667 0.666667 -1
1 0.772811 73.396400 -10.918031 0.250000 0.666667 -1
1 -1.537448 73.162979 -13.030230 0.333333 0.666667 -1
1 -2.731860 73.101593 -15.437847 0.416667 0.666667 -1
1 -2.490357 73.228859 -17.495693 0.500000 0.666667 -1
1 -0.877767 73.510559 -18.652401 0.583333 0.666667 -1
1 1.673827 73.871277 -18.598045 0.666667 0.666667 -1
1 4.480879 74.214249 -17.347139 0.750000 0.666667 -1
1 6.791084 74.447708 -15.234924 0.833333 0.666667 -1
1 7.985538 74.509026 -12.827374 0.916667 0.666667 -1
1 7.744085 74.381744 -10.769535 1.000000 0.666667 -1
1 8.298109 75.284225 -10.168384 0.000000 0.500000 -1
1 6.436064 74.958885 -8.832766 0.083333 0.500000 -1
1 3.489630 74.542450 -8.895529 0.166667 0.500000 -1
1 0.248388 74.146439 -10.339872 0.250000 0.500000 -1
1 -2.419071 73.876785 -12.778881 0.333333 0.500000 -1
1 -3.798303 73.806023 -15.558902 0.416667 0.500000 -1
1 -3.519617 73.952957 -17.935125 0.500000 0.500000 -1
1 -1.657501 74.278259 -19.270706 0.583333 0.500000 -1
1 1.288889 74.694710 -19.207973 0.666667 0.500000 -1
1 4.530104 75.090790 -17.763624 0.750000 0.500000 -1
1 7.197690 75.360382 -15.324627 0.833333 0.500000 -1
1 8.576962 75.431129 -12.544582 0.916667 0.500000 -1
1 8.298109 75.284225 -10.168384 1.000000 0.500000 -1
1 7.268943 76.008270 -10.607800 0.000000 0.333333 -1
1 5.656331 75.726631 -9.451052 0.083333 0.333333 -1
1 3.104693 75.365936 -9.505423 0.166667 0.333333 -1
1 0.297657 75.022903 -10.756305 0.250000 0.333333 -1
1 -2.012518 74.789413 -12.868553 0.333333 0.333333 -1
1 -3.206946 74.728188 -15.276091 0.416667 0.333333 -1
1 -2.965495 74.855370 -17.333946 0.500000 0.333333 -1
1 -1.352901 75.137062 -18.490650 0.583333 0.333333 -1
1 1.198725 75.497742 -18.436289 0.666667 0.333333 -1
1 4.005708 75.840805 -17.185398 0.750000 0.333333 -1
1 6.315995 76.074280 -15.073215 0.833333 0.333333 -1
1 7.510345 76.135513 -12.665621 0.916667 0.333333 -1
1 7.268943 76.008270 -10.607800 1.000000 0.333333 -1
89
0.179830 -0.983635 0.011135
0.247628 -0.962497 0.110813
0.183386 -0.975676 0.120106
-0.101282 0.989827 0.099927
-0.094781 0.973142 0.209787
-0.030823 0.980168 0.195756
0.138939 -0.989391 0.042442
0.080865 -0.976781 0.198392
-0.141488 0.981074 0.132191
-0.195083 0.934758 0.296935
0.099065 -0.993813 0.050210
0.014905 -0.988992 0.147217
-0.181808 0.973161 0.141080
-0.268002 0.930976 0.247908
0.070622 -0.996957 0.033000
-0.059339 -0.992134 0.110222
-0.211330 0.969521 0.123975
-0.348675 0.913351 0.210274
0.060637 -0.998149 -0.004722
-0.028510 -0.999549 -0.009416
-0.221912 0.971319 0.085404
-0.317553 0.944725 0.081579
0.071735 -0.996007 -0.053150
-0.008151 -0.991239 -0.131826
-0.210368 0.976969 0.035733
-0.292224 0.955237 -0.046114
0.101254 -0.989830 -0.099921
0.094781 -0.973139 -0.209800
-0.179793 0.983641 -0.011157
-0.183371 0.975677 -0.120120
0.141510 -0.981066 -0.132225
0.195084 -0.934753 -0.296951
-0.138949 0.989390 -0.042427
-0.080880 0.976778 -0.198402
0.181801 -0.973158 -0.141107
0.267970 -0.930979 -0.247933
-0.099103 0.993811 -0.050190
-0.014900 0.988994 -0.147201
0.211289 -0.969523 -0.124023
0.348660 -0.913363 -0.210246
-0.070597 0.996961 -0.032942
0.059337 0.992137 -0.110195
0.221919 -0.971329 -0.085281
0.317550 -0.944730 -0.081531
-0.060632 0.998149 0.004700
0.028524 0.999549 0.009375
0.210410 -0.976959 -0.035764
0.335038 -0.942014 -0.018972
-0.071722 0.996011 0.053091
0.047097 0.996634 0.067099
0.407076 -0.837968 0.363453
0.262101 -0.856910 0.443857
-0.005290 -0.859346 0.511367
-0.198268 -0.869447 0.452496
-0.317213 -0.899623 0.300090
-0.347469 -0.936265 0.051693
-0.245045 -0.932315 -0.265974
-0.014535 -0.848476 -0.529035
0.246038 -0.735540 -0.631225
0.460412 -0.666927 -0.585858
0.611472 -0.668048 -0.424044
0.661985 -0.735700 -0.143253
0.640114 -0.767783 0.027618
0.574194 0.064438 0.816179
0.279155 -0.012364 0.960166
-0.207334 -0.127816 0.969884
-0.522322 -0.196047 0.829907
-0.767259 -0.232101 0.597865
-0.956651 -0.229886 0.178806
-0.847210 -0.145515 -0.510941
-0.279144 0.012357 -0.960170
0.207329 0.127824 -0.969884
0.522309 0.196074 -0.829909
0.767255 0.232102 -0.597870
0.956652 0.229899 -0.178781
0.971538 0.200354 0.126382
0.149717 0.892267 0.425963
0.014548 0.848473 0.529039
-0.246043 0.735523 0.631244
-0.460430 0.666920 0.585851
-0.611477 0.668042 0.424047
-0.661997 0.735685 0.143272
-0.534741 0.820873 -0.200546
-0.262089 0.856916 -0.443851
0.005275 0.859357 -0.511350
0.198247 0.869457 -0.452485
0.317191 0.899643 -0.300053
0.347450 0.936273 -0.051684
0.331243 0.938557 0.096892
120
1 0 1 2 0 1 2 1
1 3 4 5 3 4 5 1
1 6 2 7 6 2 7 1
1 8 9 4 8 9 4 1
1 10 7 11 10 7 11 1
1 12 13 9 12 13 9 1
1 14 11 15 14 11 15 1
1 16 17 13 16 17 13 1
1 18 15 19 18 15 19 1
1 20 21 17 20 21 17 1
1 22 19 23 22 19 23 1
1 24 25 21 24 25 21 1
1 26 23 27 26 23 27 1
1 28 29 25 28 29 25 1
1 30 27 31 30 27 31 1
1 32 33 29 32 33 29 1
1 34 31 35 34 31 35 1
1 36 37 33 36 37 33 1
1 38 35 39 38 35 39 1
1 40 41 37 40 41 37 1
1 42 39 43 42 39 43 1
1 44 45 41 44 45 41 1
1 46 43 47 46 43 47 1
1 48 49 45 48 49 45 1
1 1 50 51 1 50 51 1
1 1 51 2 1 51 2 1
1 2 51 7 2 51 7 1
1 51 52 7 51 52 7 1
1 7 52 53 7 52 53 1
1 7 53 11 7 53 11 1
1 11 53 15 11 53 15 1
1 53 54 15 53 54 15 1
1 15 54 55 15 54 55 1
1 15 55 19 15 55 19 1
1 19 55 23 19 55 23 1
1 55 56 23 55 56 23 1
1 23 56 57 23 56 57 1
1 23 57 27 23 57 27 1
1 27 57 31 27 57 31 1
1 57 58 31 57 58 31 1
1 31 58 59 31 58 59 1
1 31 59 35 31 59 35 1
1 35 59 39 35 59 39 1
1 59 60 39 59 60 39 1
1 39 60 61 39 60 61 1
1 39 61 43 39 61 43 1
1 43 61 47 43 61 47 1
1 61 62 47 61 62 47 1
1 50 63 51 50 63 51 1
1 63 64 51 63 64 51 1
1 51 64 65 51 64 65 1
1 51 65 52 51 65 52 1
1 52 65 53 52 65 53 1
1 65 66 53 65 66 53 1
1 53 66 67 53 66 67 1
1 53 67 54 53 67 54 1
1 54 67 55 54 67 55 1
1 67 68 55 67 68 55 1
1 55 68 69 55 68 69 1
1 55 69 56 55 69 56 1
1 56 69 57 56 69 57 1
1 69 70 57 69 70 57 1
1 57 70 71 57 70 71 1
1 57 71 58 57 71 58 1
1 58 71 59 58 71 59 1
1 71 72 59 71 72 59 1
1 59 72 73 59 72 73 1
1 59 73 60 59 73 60 1
1 60 73 61 60 73 61 1
1 73 74 61 73 74 61 1
1 61 74 75 61 74 75 1
1 61 75 62 61 75 62 1
1 63 76 77 63 76 77 1
1 63 77 64 63 77 64 1
1 64 77 65 64 77 65 1
1 77 78 65 77 78 65 1
1 65 78 79 65 78 79 1
1 65 79 66 65 79 66 1
1 66 79 67 66 79 67 1
1 79 80 67 79 80 67 1
1 67 80 81 67 80 81 1
1 67 81 68 67 81 68 1
1 68 81 69 68 81 69 1
1 81 82 69 81 82 69 1
1 69 82 83 69 82 83 1
1 69 83 70 69 83 70 1
1 70 83 71 70 83 71 1
1 83 84 71 83 84 71 1
1 71 84 85 71 84 85 1
1 71 85 72 71 85 72 1
1 72 85 73 72 85 73 1
1 85 86 73 85 86 73 1
1 73 86 87 73 86 87 1
1 73 87 74 73 87 74 1
1 74 87 75 74 87 75 1
1 87 88 75 87 88 75 1
1 76 5 77 76 5 77 1
1 5 4 77 5 4 77 1
1 77 4 9 77 4 9 1
1 77 9 78 77 9 78 1
1 78 9 79 78 9 79 1
1 9 13 79 9 13 79 1
1 79 13 17 79 13 17 1
1 79 17 80 79 17 80 1
1 80 17 81 80 17 81 1
1 17 21 81 17 21 81 1
1 81 21 25 81 21 25 1
1 81 25 82 81 25 82 1
1 82 25 83 82 25 83 1
1 25 29 83 25 29 83 1
1 83 29 33 83 29 33 1
1 83 33 84 83 33 84 1
1 84 33 85 84 33 85 1
1 33 37 85 33 37 85 1
1 85 37 41 85 37 41 1
1 85 41 86 85 41 86 1
1 86 41 87 86 41 87 1
1 41 45 87 41 45 87 1
1 87 45 49 87 45 49 1
1 87 49 88 87 49 88 1
"engine_big" 0 -1
109
0 -22.322033 65.362045 -31.968399 0.000000 1.000000 -1
0 -23.328053 65.553650 -30.743725 0.000000 0.833333 -1
0 -24.087914 64.990662 -31.554132 0.083333 0.833333 -1
0 -23.438663 68.069107 -32.802162 0.000000 0.000000 -1
0 -25.054974 67.335007 -32.276199 0.083333 0.166667 -1
0 -24.295063 67.898026 -31.465790 0.000000 0.166667 -1
0 -22.322033 65.362045 -31.968399 0.083333 1.000000 -1
0 -24.394730 64.575737 -32.490501 0.166667 0.833333 -1
0 -23.438663 68.069107 -32.802162 0.083333 0.000000 -1
0 -25.361713 66.920097 -33.212532 0.166667 0.166667 -1
0 -22.322033 65.362045 -31.968399 0.166667 1.000000 -1
0 -24.166119 64.420090 -33.301918 0.250000 0.833333 -1
0 -23.438663 68.069107 -32.802162 0.166667 0.000000 -1
0 -25.133152 66.764450 -34.023987 0.250000 0.166667 -1
0 -22.322033 65.362045 -31.968399 0.250000 1.000000 -1
0 -23.463463 64.565445 -33.770996 0.333333 0.833333 -1
0 -23.438663 68.069107 -32.802162 0.250000 0.000000 -1
0 -24.430553 66.909843 -34.493057 0.333333 0.166667 -1
0 -22.322033 65.362045 -31.968399 0.333333 1.000000 -1
0 -22.475018 64.972862 -33.772041 0.416667 0.833333 -1
0 -23.438663 68.069107 -32.802162 0.333333 0.000000 -1
0 -23.442028 67.317215 -34.494095 0.416667 0.166667 -1
0 -22.322033 65.362045 -31.968399 0.416667 1.000000 -1
0 -21.465656 65.533104 -33.304787 0.500000 0.833333 -1
0 -23.438663 68.069107 -32.802162 0.416667 0.000000 -1
0 -22.432636 67.877502 -34.026840 0.500000 0.166667 -1
0 -22.322033 65.362045 -31.968399 0.500000 1.000000 -1
0 -20.705734 66.096176 -32.494408 0.583333 0.833333 -1
0 -23.438663 68.069107 -32.802162 0.500000 0.000000 -1
0 -21.672779 68.440552 -33.216476 0.583333 0.166667 -1
0 -22.322033 65.362045 -31.968399 0.583333 1.000000 -1
0 -20.398975 66.511086 -31.558039 0.666667 0.833333 -1
0 -23.438663 68.069107 -32.802162 0.583333 0.000000 -1
0 -21.366024 68.855469 -32.280098 0.666667 0.166667 -1
0 -22.322033 65.362045 -31.968399 0.666667 1.000000 -1
0 -20.627544 66.666702 -30.746605 0.750000 0.833333 -1
0 -23.438663 68.069107 -32.802162 0.666667 0.000000 -1
0 -21.594563 69.011078 -31.468674 0.750000 0.166667 -1
0 -22.322033 65.362045 -31.968399 0.750000 1.000000 -1
0 -21.330223 66.521370 -30.277519 0.833333 0.833333 -1
0 -23.438663 68.069107 -32.802162 0.750000 0.000000 -1
0 -22.297215 68.865768 -30.999573 0.833333 0.166667 -1
0 -22.322033 65.362045 -31.968399 0.833333 1.000000 -1
0 -22.318657 66.113976 -30.276485 0.916667 0.833333 -1
0 -23.438663 68.069107 -32.802162 0.833333 0.000000 -1
0 -23.285709 68.458313 -30.998535 0.916667 0.166667 -1
0 -22.322033 65.362045 -31.968399 0.916667 1.000000 -1
0 -23.328053 65.553650 -30.743725 1.000000 0.833333 -1
0 -23.438663 68.069107 -32.802162 0.916667 0.000000 -1
0 -24.295063 67.898026 -31.465790 1.000000 0.166667 -1
0 -24.214115 66.056641 -29.958950 0.000000 0.666667 -1
0 -25.530281 65.081413 -31.362555 0.083333 0.666667 -1
0 -26.061588 64.362747 -32.984367 0.166667 0.666667 -1
0 -25.665730 64.093201 -34.389793 0.250000 0.666667 -1
0 -24.448689 64.344948 -35.202271 0.333333 0.666667 -1
0 -22.736645 65.050613 -35.204094 0.416667 0.666667 -1
0 -20.988316 66.021034 -34.394791 0.500000 0.666667 -1
0 -19.672104 66.996254 -32.991127 0.583333 0.666667 -1
0 -19.140812 67.714920 -31.369345 0.666667 0.666667 -1
0 -19.536682 67.984482 -29.963898 0.750000 0.666667 -1
0 -20.753708 67.732681 -29.151424 0.833333 0.666667 -1
0 -22.465740 67.027084 -29.149601 0.916667 0.666667 -1
0 -24.214115 66.056641 -29.958950 1.000000 0.666667 -1
0 -24.742786 66.736145 -29.824253 0.000000 0.500000 -1
0 -26.262554 65.610046 -31.445015 0.083333 0.500000 -1
0 -26.876080 64.780235 -33.317719 0.166667 0.500000 -1
0 -26.418976 64.468948 -34.940605 0.250000 0.500000 -1
0 -25.013660 64.759705 -35.878746 0.333333 0.500000 -1
0 -23.036762 65.574455 -35.880852 0.416667 0.500000 -1
0 -21.017941 66.695045 -34.946320 0.500000 0.500000 -1
0 -19.498127 67.821121 -33.325546 0.583333 0.500000 -1
0 -18.884617 68.650970 -31.452850 0.666667 0.500000 -1
0 -19.341766 68.962234 -29.829998 0.750000 0.500000 -1
0 -20.747066 68.671555 -28.891823 0.833333 0.500000 -1
0 -22.723980 67.856735 -28.889721 0.916667 0.500000 -1
0 -24.742786 66.736145 -29.824253 1.000000 0.500000 -1
0 -24.772408 67.410126 -30.375805 0.000000 0.333333 -1
0 -26.088627 66.434906 -31.779448 0.083333 0.333333 -1
0 -26.619907 65.716248 -33.401237 0.166667 0.333333 -1
0 -26.224003 65.446640 -34.806679 0.250000 0.333333 -1
0 -25.006981 65.698433 -35.619141 0.333333 0.333333 -1
0 -23.294949 66.404114 -35.620995 0.416667 0.333333 -1
0 -21.546555 67.374512 -34.811638 0.500000 0.333333 -1
0 -20.230434 68.349808 -33.408005 0.583333 0.333333 -1
0 -19.699093 69.068436 -31.786215 0.666667 0.333333 -1
0 -20.094959 69.338013 -30.380772 0.750000 0.333333 -1
0 -21.312027 69.086182 -29.568302 0.833333 0.333333 -1
0 -23.024067 68.380600 -29.566475 0.916667 0.333333 -1
0 -24.772408 67.410126 -30.375805 1.000000 0.333333 -1
0 -20.705408 60.464066 -30.012638 0.000000 0.000000 -1
0 -19.885965 60.486256 -31.182617 0.000000 1.000000 -1
0 -18.912811 61.648140 -28.734653 1.000000 0.000000 -1
0 -18.093357 61.670334 -29.904627 1.000000 1.000000 -1
0 -18.912811 61.648140 -28.734653 0.000000 0.000000 -1
0 -18.093357 61.670334 -29.904627 0.000000 1.000000 -1
0 -21.555706 67.526924 -30.474260 1.000000 0.000000 -1
0 -20.736263 67.549126 -31.644245 1.000000 1.000000 -1
0 -21.555706 67.526924 -30.474260 0.000000 0.000000 -1
0 -20.736263 67.549126 -31.644245 0.000000 1.000000 -1
0 -23.348328 66.342873 -31.752247 1.000000 0.000000 -1
0 -22.528891 66.365074 -32.922218 1.000000 1.000000 -1
0 -23.348328 66.342873 -31.752247 0.000000 0.000000 -1
0 -22.528891 66.365074 -32.922218 0.000000 1.000000 -1
0 -20.705408 60.464066 -30.012638 1.000000 0.000000 -1
0 -19.885965 60.486256 -31.182617 1.000000 1.000000 -1
0 -20.705408 60.464066 -30.012638 0.000000 1.000000 -1
0 -18.912811 61.648140 -28.734653 1.000000 1.000000 -1
0 -19.885965 60.486256 -31.182617 0.000000 0.000000 -1
0 -18.093357 61.670334 -29.904627 1.000000 0.000000 -1
107
0.272596 -0.890897 0.363310
0.106544 -0.860610 0.497994
0.140978 -0.898319 0.416110
-0.454677 0.872340 -0.179699
-0.566353 0.816516 -0.112008
-0.583368 0.812027 -0.017131
0.265750 -0.910627 0.316441
0.113238 -0.946293 0.302830
-0.463142 0.856505 -0.227812
-0.595176 0.771123 -0.226132
0.285364 -0.923184 0.257486
0.222882 -0.959942 0.169810
-0.445140 0.847878 -0.288016
-0.497216 0.785784 -0.367857
0.325821 -0.923631 0.201855
0.315759 -0.948527 0.024344
-0.404740 0.847434 -0.343570
-0.392664 0.768889 -0.504604
0.376013 -0.911831 0.164858
0.432464 -0.901521 0.015310
-0.352869 0.855303 -0.379394
-0.274866 0.813303 -0.512823
0.422852 -0.892544 0.156723
0.542609 -0.839885 -0.012980
-0.304456 0.870669 -0.386318
-0.148486 0.835530 -0.529001
0.454702 -0.872322 0.179722
0.566362 -0.816509 0.112011
-0.272638 0.890871 -0.363341
-0.140995 0.898306 -0.416133
0.463159 -0.856503 0.227787
0.595182 -0.771124 0.226114
-0.265786 0.910620 -0.316432
-0.113255 0.946297 -0.302813
0.445156 -0.847876 0.287999
0.497188 -0.785789 0.367886
-0.285415 0.923184 -0.257429
-0.222898 0.959938 -0.169813
0.404682 -0.847428 0.343653
0.392646 -0.768892 0.504613
-0.325798 0.923630 -0.201898
-0.315753 0.948529 -0.024355
0.352911 -0.855281 0.379405
0.274898 -0.813286 0.512833
-0.376025 0.911823 -0.164875
-0.432485 0.901511 -0.015326
0.304479 -0.870654 0.386334
0.189930 -0.807664 0.558216
-0.422880 0.892528 -0.156737
-0.500041 0.864932 0.043042
-0.218935 -0.693056 0.686833
-0.256285 -0.772162 0.581449
-0.254031 -0.919224 0.300825
-0.083274 -0.995139 -0.052569
0.200858 -0.924236 -0.324721
0.468247 -0.780148 -0.414867
0.669925 -0.652638 -0.353926
0.807698 -0.564637 -0.169731
0.845592 -0.514907 0.140871
0.699295 -0.498288 0.512539
0.390693 -0.509882 0.766407
0.083164 -0.556637 0.826583
-0.049564 -0.585524 0.809138
-0.702305 -0.071556 0.708271
-0.808060 -0.158597 0.567349
-0.930075 -0.343609 0.129972
-0.720838 -0.457638 -0.520538
-0.165639 -0.352034 -0.921214
0.289454 -0.170716 -0.941845
0.588129 -0.006496 -0.808741
0.808068 0.158571 -0.567345
0.930078 0.343604 -0.129966
0.720835 0.457650 0.520531
0.165625 0.352075 0.921201
-0.289452 0.170698 0.941849
-0.456768 0.084345 0.885579
-0.749967 0.594368 0.290303
-0.807700 0.564634 0.169734
-0.845591 0.514903 -0.140889
-0.699292 0.498296 -0.512535
-0.390708 0.509875 -0.766404
-0.083158 0.556636 -0.826584
0.135191 0.643747 -0.753202
0.256291 0.772153 -0.581459
0.254037 0.919221 -0.300829
0.083266 0.995140 0.052568
-0.200875 0.924242 0.324694
-0.468252 0.780157 0.414844
-0.580608 0.701894 0.412601
0.395877 -0.880560 0.260568
0.395876 -0.880560 0.260568
0.395875 -0.880561 0.260569
0.717113 0.473675 0.511254
0.717115 0.473676 0.511251
0.717116 0.473677 0.511248
-0.395873 0.880566 -0.260555
-0.395873 0.880566 -0.260555
-0.395873 0.880566 -0.260556
-0.717115 -0.473676 -0.511249
-0.717117 -0.473676 -0.511248
-0.717118 -0.473676 -0.511247
-0.573608 -0.015529 0.818983
-0.573610 -0.015529 0.818981
-0.573612 -0.015529 0.818980
0.573610 0.015532 -0.818981
0.573608 0.015528 -0.818983
0.573605 0.015524 -0.818985
132
0 0 1 2 0 1 2 1
0 3 4 5 3 4 5 1
0 6 2 7 6 2 7 1
0 8 9 4 8 9 4 1
0 10 7 11 10 7 11 1
0 12 13 9 12 13 9 1
0 14 11 15 14 11 15 1
0 16 17 13 16 17 13 1
0 18 15 19 18 15 19 1
0 20 21 17 20 21 17 1
0 22 19 23 22 19 23 1
0 24 25 21 24 25 21 1
0 26 23 27 26 23 27 1
0 28 29 25 28 29 25 1
0 30 27 31 30 27 31 1
0 32 33 29 32 33 29 1
0 34 31 35 34 31 35 1
0 36 37 33 36 37 33 1
0 38 35 39 38 35 39 1
0 40 41 37 40 41 37 1
0 42 39 43 42 39 43 1
0 44 45 41 44 45 41 1
0 46 43 47 46 43 47 1
0 48 49 45 48 49 45 1
0 1 50 51 1 50 51 1
0 1 51 2 1 51 2 1
0 2 51 7 2 51 7 1
0 51 52 7 51 52 7 1
0 7 52 53 7 52 53 1
0 7 53 11 7 53 11 1
0 11 53 15 11 53 15 1
0 53 54 15 53 54 15 1
0 15 54 55 15 54 55 1
0 15 55 19 15 55 19 1
0 19 55 23 19 55 23 1
0 55 56 23 55 56 23 1
0 23 56 57 23 56 57 1
0 23 57 27 23 57 27 1
0 27 57 31 27 57 31 1
0 57 58 31 57 58 31 1
0 31 58 59 31 58 59 1
0 31 59 35 31 59 35 1
0 35 59 39 35 59 39 1
0 59 60 39 59 60 39 1
0 39 60 61 39 60 61 1
0 39 61 43 39 61 43 1
0 43 61 47 43 61 47 1
0 61 62 47 61 62 47 1
0 50 63 51 50 63 51 1
0 63 64 51 63 64 51 1
0 51 64 65 51 64 65 1
0 51 65 52 51 65 52 1
0 52 65 53 52 65 53 1
0 65 66 53 65 66 53 1
0 53 66 67 53 66 67 1
0 53 67 54 53 67 54 1
0 54 67 55 54 67 55 1
0 67 68 55 67 68 55 1
0 55 68 69 55 68 69 1
0 55 69 56 55 69 56 1
0 56 69 57 56 69 57 1
0 69 70 57 69 70 57 1
0 57 70 71 57 70 71 1
0 57 71 58 57 71 58 1
0 58 71 59 58 71 59 1
0 71 72 59 71 72 59 1
0 59 72 73 59 72 73 1
0 59 73 60 59 73 60 1
0 60 73 61 60 73 61 1
0 73 74 61 73 74 61 1
0 61 74 75 61 74 75 1
0 61 75 62 61 75 62 1
0 63 76 77 63 76 77 1
0 63 77 64 63 77 64 1
0 64 77 65 64 77 65 1
0 77 78 65 77 78 65 1
0 65 78 79 65 78 79 1
0 65 79 66 65 79 66 1
0 66 79 67 66 79 67 1
0 79 80 67 79 80 67 1
0 67 80 81 67 80 81 1
0 67 81 68 67 81 68 1
0 68 81 69 68 81 69 1
0 81 82 69 81 82 69 1
0 69 82 83 69 82 83 1
0 69 83 70 69 83 70 1
0 70 83 71 70 83 71 1
0 83 84 71 83 84 71 1
0 71 84 85 71 84 85 1
0 71 85 72 71 85 72 1
0 72 85 73 72 85 73 1
0 85 86 73 85 86 73 1
0 73 86 87 73 86 87 1
0 73 87 74 73 87 74 1
0 74 87 75 74 87 75 1
0 87 88 75 87 88 75 1
0 76 5 77 76 5 77 1
0 5 4 77 5 4 77 1
0 77 4 9 77 4 9 1
0 77 9 78 77 9 78 1
0 78 9 79 78 9 79 1
0 9 13 79 9 13 79 1
0 79 13 17 79 13 17 1
0 79 17 80 79 17 80 1
0 80 17 81 80 17 81 1
0 17 21 81 17 21 81 1
0 81 21 25 81 21 25 1
0 81 25 82 81 25 82 1
0 82 25 83 82 25 83 1
0 25 29 83 25 29 83 1
0 83 29 33 83 29 33 1
0 83 33 84 83 33 84 1
0 84 33 85 84 33 85 1
0 33 37 85 33 37 85 1
0 85 37 41 85 37 41 1
0 85 41 86 85 41 86 1
0 86 41 87 86 41 87 1
0 41 45 87 41 45 87 1
0 87 45 49 87 45 49 1
0 87 49 88 87 49 88 1
0 89 90 91 89 90 90 1
0 90 92 91 90 91 90 1
0 93 94 95 92 93 93 2
0 94 96 95 93 94 93 2
0 97 98 99 95 96 96 1
0 98 100 99 96 97 96 1
0 101 102 103 98 99 99 2
0 102 104 103 99 100 99 2
0 101 105 95 101 102 102 3
0 105 106 95 102 103 102 3
0 107 102 108 104 105 105 3
0 102 96 108 105 106 105 3
"engine_right" 0 -1
109
0 -24.901646 64.637573 -26.865166 0.000000 0.000000 -1
0 -22.611221 61.541798 -25.783302 0.000000 1.000000 -1
0 -21.507526 67.800400 -25.000181 1.000000 0.000000 -1
0 -19.217175 64.704514 -23.918343 1.000000 1.000000 -1
0 -21.507526 67.800400 -25.000181 0.000000 0.000000 -1
0 -19.217175 64.704514 -23.918343 0.000000 1.000000 -1
0 -21.047842 67.830322 -25.887766 1.000000 0.000000 -1
0 -18.757416 64.734573 -24.805866 1.000000 1.000000 -1
0 -21.047842 67.830322 -25.887766 0.000000 0.000000 -1
0 -18.757416 64.734573 -24.805866 0.000000 1.000000 -1
0 -24.441845 64.667580 -27.752758 1.000000 0.000000 -1
0 -22.151430 61.571831 -26.670866 1.000000 1.000000 -1
0 -24.441845 64.667580 -27.752758 0.000000 0.000000 -1
0 -22.151430 61.571831 -26.670866 0.000000 1.000000 -1
0 -24.901646 64.637573 -26.865166 1.000000 0.000000 -1
0 -22.611221 61.541798 -25.783302 1.000000 1.000000 -1
0 -24.901646 64.637573 -26.865166 0.000000 1.000000 -1
0 -21.507526 67.800400 -25.000181 1.000000 1.000000 -1
0 -22.611221 61.541798 -25.783302 0.000000 0.000000 -1
0 -19.217175 64.704514 -23.918343 1.000000 0.000000 -1
0 -22.958973 65.632515 -26.390623 0.000000 1.000000 -1
0 -23.485151 65.696953 -25.542097 0.000000 0.833333 -1
0 -24.020685 65.144798 -25.988075 0.083333 0.833333 -1
0 -23.998323 67.037521 -26.881605 0.000000 0.000000 -1
0 -24.920897 66.361465 -26.413279 0.083333 0.166667 -1
0 -24.385286 66.913620 -25.967314 0.000000 0.166667 -1
0 -22.958973 65.632515 -26.390623 0.083333 1.000000 -1
0 -24.290382 64.748589 -26.550711 0.166667 0.833333 -1
0 -23.998323 67.037521 -26.881605 0.083333 0.000000 -1
0 -25.190563 65.965370 -26.975948 0.166667 0.166667 -1
0 -22.958973 65.632515 -26.390623 0.166667 1.000000 -1
0 -24.222021 64.614479 -27.079304 0.250000 0.833333 -1
0 -23.998323 67.037521 -26.881605 0.166667 0.000000 -1
0 -25.122175 65.831245 -27.504509 0.250000 0.166667 -1
0 -22.958973 65.632515 -26.390623 0.250000 1.000000 -1
0 -23.833809 64.778366 -27.432116 0.333333 0.833333 -1
0 -23.998323 67.037521 -26.881605 0.250000 0.000000 -1
0 -24.733978 65.995087 -27.857328 0.333333 0.166667 -1
0 -22.958973 65.632515 -26.390623 0.333333 1.000000 -1
0 -23.229856 65.196381 -27.514727 0.416667 0.833333 -1
0 -23.998323 67.037521 -26.881605 0.333333 0.000000 -1
0 -24.130060 66.413109 -27.939934 0.416667 0.166667 -1
0 -22.958973 65.632515 -26.390623 0.416667 1.000000 -1
0 -22.571960 65.756454 -27.304932 0.500000 0.833333 -1
0 -23.998323 67.037521 -26.881605 0.416667 0.000000 -1
0 -23.472143 66.973160 -27.730104 0.500000 0.166667 -1
0 -22.958973 65.632515 -26.390623 0.500000 1.000000 -1
0 -22.036407 66.308487 -26.858952 0.583333 0.833333 -1
0 -23.998323 67.037521 -26.881605 0.500000 0.000000 -1
0 -22.936575 67.525223 -27.284136 0.583333 0.166667 -1
0 -22.958973 65.632515 -26.390623 0.583333 1.000000 -1
0 -21.766699 66.704651 -26.296261 0.666667 0.833333 -1
0 -23.998323 67.037521 -26.881605 0.583333 0.000000 -1
0 -22.666870 67.921371 -26.721439 0.666667 0.166667 -1
0 -22.958973 65.632515 -26.390623 0.666667 1.000000 -1
0 -21.835079 66.838783 -25.767742 0.750000 0.833333 -1
0 -23.998323 67.037521 -26.881605 0.666667 0.000000 -1
0 -22.735247 68.055466 -26.192877 0.750000 0.166667 -1
0 -22.958973 65.632515 -26.390623 0.750000 1.000000 -1
0 -22.223272 66.674911 -25.414848 0.833333 0.833333 -1
0 -23.998323 67.037521 -26.881605 0.750000 0.000000 -1
0 -23.123465 67.891602 -25.840076 0.833333 0.166667 -1
0 -22.958973 65.632515 -26.390623 0.833333 1.000000 -1
0 -22.827240 66.256950 -25.332291 0.916667 0.833333 -1
0 -23.998323 67.037521 -26.881605 0.833333 0.000000 -1
0 -23.727383 67.473709 -25.757492 0.916667 0.166667 -1
0 -22.958973 65.632515 -26.390623 0.916667 1.000000 -1
0 -23.485151 65.696953 -25.542097 1.000000 0.833333 -1
0 -23.998323 67.037521 -26.881605 0.916667 0.000000 -1
0 -24.385286 66.913620 -25.967314 1.000000 0.166667 -1
0 -24.009575 65.932220 -24.986740 0.000000 0.666667 -1
0 -24.937225 64.976013 -25.759195 0.083333 0.666667 -1
0 -25.404381 64.289803 -26.733753 0.166667 0.666667 -1
0 -25.285923 64.057503 -27.649218 0.250000 0.666667 -1
0 -24.613605 64.341293 -28.260344 0.333333 0.666667 -1
0 -23.567459 65.065277 -28.403355 0.416667 0.666667 -1
0 -22.427952 66.035347 -28.039989 0.500000 0.666667 -1
0 -21.500366 66.991600 -27.267553 0.583333 0.666667 -1
0 -21.033241 67.677742 -26.292984 0.666667 0.666667 -1
0 -21.151657 67.909920 -25.377462 0.750000 0.666667 -1
0 -21.824005 67.626221 -24.766361 0.833333 0.666667 -1
0 -22.870071 66.902237 -24.623327 0.916667 0.666667 -1
0 -24.009575 65.932220 -24.986740 1.000000 0.666667 -1
0 -24.391790 66.275505 -24.873304 0.000000 0.500000 -1
0 -25.462925 65.171310 -25.765249 0.083333 0.500000 -1
0 -26.002378 64.378960 -26.890608 0.166667 0.500000 -1
0 -25.865543 64.110741 -27.947687 0.250000 0.500000 -1
0 -25.089209 64.438507 -28.653366 0.333333 0.500000 -1
0 -23.881287 65.274445 -28.818539 0.416667 0.500000 -1
0 -22.565472 66.394585 -28.398939 0.500000 0.500000 -1
0 -21.494335 67.498680 -27.506941 0.583333 0.500000 -1
0 -20.954929 68.291069 -26.381659 0.666667 0.500000 -1
0 -21.091719 68.559250 -25.324528 0.750000 0.500000 -1
0 -21.868099 68.231499 -24.618834 0.833333 0.500000 -1
0 -23.076008 67.395584 -24.453688 0.916667 0.500000 -1
0 -24.391790 66.275505 -24.873304 1.000000 0.500000 -1
0 -24.529339 66.634659 -25.232189 0.000000 0.333333 -1
0 -25.456869 65.678467 -26.004675 0.083333 0.333333 -1
0 -25.924088 64.992226 -26.979216 0.166667 0.333333 -1
0 -25.805649 64.759956 -27.894709 0.250000 0.333333 -1
0 -25.133278 65.043831 -28.505888 0.333333 0.333333 -1
0 -24.087200 65.767731 -28.648857 0.416667 0.333333 -1
0 -22.947689 66.737770 -28.285458 0.500000 0.333333 -1
0 -22.020096 67.693962 -27.513027 0.583333 0.333333 -1
0 -21.552925 68.380234 -26.538475 0.666667 0.333333 -1
0 -21.671352 68.612465 -25.622993 0.750000 0.333333 -1
0 -22.343716 68.328674 -25.011869 0.833333 0.333333 -1
0 -23.389816 67.604721 -24.868807 0.916667 0.333333 -1
0 -24.529339 66.634659 -25.232189 1.000000 0.333333 -1
107
-0.459746 -0.029980 0.887544
-0.459748 -0.029980 0.887543
-0.459750 -0.029979 0.887542
0.678856 0.632531 0.372907
0.678808 0.632544 0.372972
0.075105 0.994537 0.072489
0.884864 -0.099976 0.454995
0.459759 0.029982 -0.887537
0.459759 0.029983 -0.887537
0.459759 0.029983 -0.887537
-0.884859 0.099977 -0.455005
-0.075070 -0.994536 -0.072545
-0.678772 -0.632554 -0.373021
-0.678768 -0.632551 -0.373031
-0.572594 0.773944 -0.270457
-0.572594 0.773944 -0.270458
0.572597 -0.773948 0.270438
0.572606 -0.773946 0.270427
0.499915 -0.783303 0.369487
0.361431 -0.772418 0.522243
0.392529 -0.805772 0.443455
-0.636625 0.752779 -0.167430
-0.716396 0.693046 -0.080403
-0.721954 0.691862 0.010462
0.494414 -0.804375 0.329448
0.370400 -0.860837 0.348947
-0.644772 0.735350 -0.208639
-0.743521 0.644802 -0.177218
0.509111 -0.816278 0.272940
0.456726 -0.865104 0.207358
-0.632769 0.727083 -0.266372
-0.673707 0.662884 -0.326655
0.539140 -0.814319 0.214971
0.522319 -0.850928 0.055706
-0.602645 0.729044 -0.324521
-0.591614 0.654702 -0.470487
0.576436 -0.799028 0.171102
0.610672 -0.791569 0.022326
-0.562855 0.740651 -0.366921
-0.498288 0.707256 -0.501496
0.611649 -0.776054 0.153703
0.689831 -0.723406 -0.028597
-0.524844 0.760100 -0.383128
-0.394770 0.742643 -0.540961
0.636581 -0.752822 0.167405
0.716383 -0.693061 0.080394
-0.499879 0.783362 -0.369411
-0.392499 0.805830 -0.443377
0.644744 -0.735359 0.208693
0.743514 -0.644810 0.177221
-0.494377 0.804428 -0.329374
-0.370414 0.860848 -0.348904
0.632746 -0.727095 0.266394
0.673705 -0.662911 0.326604
-0.509053 0.816312 -0.272948
-0.456700 0.865114 -0.207373
0.602686 -0.729053 0.324425
0.591594 -0.654727 0.470478
-0.539090 0.814353 -0.214968
-0.522278 0.850952 -0.055731
0.562748 -0.740702 0.366981
0.498235 -0.707304 0.501481
-0.576345 0.799083 -0.171152
-0.610634 0.791598 -0.022325
0.524802 -0.760114 0.383158
0.427241 -0.711121 0.558366
-0.611651 0.776052 -0.153706
-0.656107 0.753225 0.046654
0.048504 -0.655715 0.753449
0.023487 -0.742156 0.669815
0.033116 -0.906366 0.421193
0.173710 -0.983158 0.056789
0.387810 -0.883253 -0.263566
0.580650 -0.705834 -0.405764
0.733140 -0.554824 -0.393289
0.857161 -0.448169 -0.253811
0.922357 -0.385161 0.030131
0.829141 -0.372421 0.416926
0.567641 -0.408270 0.714912
0.299998 -0.484504 0.821740
0.185355 -0.528191 0.828648
-0.556159 -0.124300 0.821728
-0.653577 -0.231710 0.720519
-0.807605 -0.475658 0.348602
-0.678782 -0.632558 -0.372995
-0.168585 -0.433996 -0.885001
0.217110 -0.174935 -0.960344
0.459731 0.030013 -0.887551
0.653569 0.231732 -0.720519
0.807606 0.475658 -0.348601
0.678766 0.632579 0.372989
0.168575 0.434008 0.884997
-0.217145 0.174960 0.960332
-0.353001 0.065008 0.933362
-0.797852 0.488189 0.353702
-0.857160 0.448167 0.253815
-0.922358 0.385159 -0.030137
-0.829148 0.372398 -0.416934
-0.567648 0.408279 -0.714901
-0.300003 0.484496 -0.821743
-0.117547 0.594984 -0.795095
-0.023501 0.742171 -0.669799
-0.033180 0.906375 -0.421170
-0.173740 0.983153 -0.056790
-0.387819 0.883263 0.263522
-0.580637 0.705839 0.405774
-0.660964 0.615758 0.428916
132
0 0 1 2 0 1 1 1
0 1 3 2 1 2 1 1
0 4 5 6 3 4 5 1
0 5 7 6 4 6 5 1
0 8 9 10 7 8 8 1
0 9 11 10 8 9 8 1
0 12 13 14 10 11 12 1
0 13 15 14 11 13 12 1
0 12 16 6 10 14 5 1
0 16 17 6 14 15 5 1
0 18 13 19 16 11 17 1
0 13 7 19 11 6 17 1
0 20 21 22 18 19 20 1
0 23 24 25 21 22 23 1
0 26 22 27 24 20 25 1
0 28 29 24 26 27 22 1
0 30 27 31 28 25 29 1
0 32 33 29 30 31 27 1
0 34 31 35 32 29 33 1
0 36 37 33 34 35 31 1
0 38 35 39 36 33 37 1
0 40 41 37 38 39 35 1
0 42 39 43 40 37 41 1
0 44 45 41 42 43 39 1
0 46 43 47 44 41 45 1
0 48 49 45 46 47 43 1
0 50 47 51 48 45 49 1
0 52 53 49 50 51 47 1
0 54 51 55 52 49 53 1
0 56 57 53 54 55 51 1
0 58 55 59 56 53 57 1
0 60 61 57 58 59 55 1
0 62 59 63 60 57 61 1
0 64 65 61 62 63 59 1
0 66 63 67 64 61 65 1
0 68 69 65 66 67 63 1
0 21 70 71 19 68 69 1
0 21 71 22 19 69 20 1
0 22 71 27 20 69 25 1
0 71 72 27 69 70 25 1
0 27 72 73 25 70 71 1
0 27 73 31 25 71 29 1
0 31 73 35 29 71 33 1
0 73 74 35 71 72 33 1
0 35 74 75 33 72 73 1
0 35 75 39 33 73 37 1
0 39 75 43 37 73 41 1
0 75 76 43 73 74 41 1
0 43 76 77 41 74 75 1
0 43 77 47 41 75 45 1
0 47 77 51 45 75 49 1
0 77 78 51 75 76 49 1
0 51 78 79 49 76 77 1
0 51 79 55 49 77 53 1
0 55 79 59 53 77 57 1
0 79 80 59 77 78 57 1
0 59 80 81 57 78 79 1
0 59 81 63 57 79 61 1
0 63 81 67 61 79 65 1
0 81 82 67 79 80 65 1
0 70 83 71 68 81 69 1
0 83 84 71 81 82 69 1
0 71 84 85 69 82 83 1
0 71 85 72 69 83 70 1
0 72 85 73 70 83 71 1
0 85 86 73 83 84 71 1
0 73 86 87 71 84 85 1
0 73 87 74 71 85 72 1
0 74 87 75 72 85 73 1
0 87 88 75 85 86 73 1
0 75 88 89 73 86 87 1
0 75 89 76 73 87 74 1
0 76 89 77 74 87 75 1
0 89 90 77 87 88 75 1
0 77 90 91 75 88 89 1
0 77 91 78 75 89 76 1
0 78 91 79 76 89 77 1
0 91 92 79 89 90 77 1
0 79 92 93 77 90 91 1
0 79 93 80 77 91 78 1
0 80 93 81 78 91 79 1
0 93 94 81 91 92 79 1
0 81 94 95 79 92 93 1
0 81 95 82 79 93 80 1
0 83 96 97 81 94 95 1
0 83 97 84 81 95 82 1
0 84 97 85 82 95 83 1
0 97 98 85 95 96 83 1
0 85 98 99 83 96 97 1
0 85 99 86 83 97 84 1
0 86 99 87 84 97 85 1
0 99 100 87 97 98 85 1
0 87 100 101 85 98 99 1
0 87 101 88 85 99 86 1
0 88 101 89 86 99 87 1
0 101 102 89 99 100 87 1
0 89 102 103 87 100 101 1
0 89 103 90 87 101 88 1
0 90 103 91 88 101 89 1
0 103 104 91 101 102 89 1
0 91 104 105 89 102 103 1
0 91 105 92 89 103 90 1
0 92 105 93 90 103 91 1
0 105 106 93 103 104 91 1
0 93 106 107 91 104 105 1
0 93 107 94 91 105 92 1
0 94 107 95 92 105 93 1
0 107 108 95 105 106 93 1
0 96 25 97 94 23 95 1
0 25 24 97 23 22 95 1
0 97 24 29 95 22 27 1
0 97 29 98 95 27 96 1
0 98 29 99 96 27 97 1
0 29 33 99 27 31 97 1
0 99 33 37 97 31 35 1
0 99 37 100 97 35 98 1
0 100 37 101 98 35 99 1
0 37 41 101 35 39 99 1
0 101 41 45 99 39 43 1
0 101 45 102 99 43 100 1
0 102 45 103 100 43 101 1
0 45 49 103 43 47 101 1
0 103 49 53 101 47 51 1
0 103 53 104 101 51 102 1
0 104 53 105 102 51 103 1
0 53 57 105 51 55 103 1
0 105 57 61 103 55 59 1
0 105 61 106 103 59 104 1
0 106 61 107 104 59 105 1
0 61 65 107 59 63 105 1
0 107 65 69 105 63 67 1
0 107 69 108 105 67 106 1
"engine_left" 1 -1
109
1 -18.735609 65.256187 -35.216084 0.000000 0.000000 -1
1 -16.524677 62.090233 -34.172558 0.000000 1.000000 -1
1 -15.599112 68.262283 -32.740803 1.000000 0.000000 -1
1 -13.388237 65.096298 -31.697277 1.000000 1.000000 -1
1 -15.599112 68.262283 -32.740803 0.000000 0.000000 -1
1 -13.388237 65.096298 -31.697277 0.000000 1.000000 -1
1 -15.050492 68.372269 -33.569572 1.000000 0.000000 -1
1 -12.839563 65.206299 -32.526051 1.000000 1.000000 -1
1 -15.050492 68.372269 -33.569572 0.000000 0.000000 -1
1 -12.839563 65.206299 -32.526051 0.000000 1.000000 -1
1 -18.186859 65.366203 -36.044888 1.000000 0.000000 -1
1 -15.975953 62.200287 -35.001381 1.000000 1.000000 -1
1 -18.186859 65.366203 -36.044888 0.000000 0.000000 -1
1 -15.975953 62.200287 -35.001381 0.000000 1.000000 -1
1 -18.735609 65.256187 -35.216084 1.000000 0.000000 -1
1 -16.524677 62.090233 -34.172558 1.000000 1.000000 -1
1 -18.735609 65.256187 -35.216084 0.000000 1.000000 -1
1 -15.599112 68.262283 -32.740803 1.000000 1.000000 -1
1 -16.524677 62.090233 -34.172558 0.000000 0.000000 -1
1 -13.388237 65.096298 -31.697277 1.000000 0.000000 -1
1 -16.867142 66.216446 -34.457161 0.000000 1.000000 -1
1 -17.479202 66.203484 -33.665848 0.000000 0.833333 -1
1 -17.957630 65.689552 -34.211308 0.083333 0.833333 -1
1 -17.870428 67.653244 -34.930725 0.000000 0.000000 -1
1 -18.826616 66.933846 -34.621445 0.083333 0.166667 -1
1 -18.348097 67.447792 -34.075954 0.000000 0.166667 -1
1 -16.867142 66.216446 -34.457161 0.083333 1.000000 -1
1 -18.161844 65.342628 -34.831108 0.166667 0.833333 -1
1 -17.870428 67.653244 -34.930725 0.083333 0.000000 -1
1 -19.030785 66.586967 -35.241241 0.166667 0.166667 -1
1 -16.867142 66.216446 -34.457161 0.166667 1.000000 -1
1 -18.037191 65.255630 -35.359303 0.250000 0.833333 -1
1 -17.870428 67.653244 -34.930725 0.166667 0.000000 -1
1 -18.906103 66.499962 -35.769417 0.250000 0.166667 -1
1 -16.867142 66.216446 -34.457161 0.250000 1.000000 -1
1 -17.616966 65.451851 -35.654194 0.333333 0.833333 -1
1 -17.870428 67.653244 -34.930725 0.250000 0.000000 -1
1 -18.485901 66.696167 -36.064285 0.333333 0.166667 -1
1 -16.867142 66.216446 -34.457161 0.333333 1.000000 -1
1 -17.013847 65.878754 -35.636852 0.416667 0.833333 -1
1 -17.870428 67.653244 -34.930725 0.333333 0.000000 -1
1 -17.882811 67.123070 -36.046986 0.416667 0.166667 -1
1 -16.867142 66.216446 -34.457161 0.416667 1.000000 -1
1 -16.389437 66.421936 -35.311905 0.500000 0.833333 -1
1 -17.870428 67.653244 -34.930725 0.416667 0.000000 -1
1 -17.258345 67.666199 -35.722061 0.500000 0.166667 -1
1 -16.867142 66.216446 -34.457161 0.500000 1.000000 -1
1 -15.910996 66.935783 -34.766460 0.583333 0.833333 -1
1 -17.870428 67.653244 -34.930725 0.500000 0.000000 -1
1 -16.779915 68.180061 -35.176590 0.583333 0.166667 -1
1 -16.867142 66.216446 -34.457161 0.583333 1.000000 -1
1 -15.706757 67.282692 -34.146614 0.666667 0.833333 -1
1 -17.870428 67.653244 -34.930725 0.583333 0.000000 -1
1 -16.575703 68.526947 -34.556732 0.666667 0.166667 -1
1 -16.867142 66.216446 -34.457161 0.666667 1.000000 -1
1 -15.831423 67.369728 -33.618500 0.750000 0.833333 -1
1 -17.870428 67.653244 -34.930725 0.666667 0.000000 -1
1 -16.700359 68.613960 -34.028564 0.750000 0.166667 -1
1 -16.867142 66.216446 -34.457161 0.750000 1.000000 -1
1 -16.251648 67.173508 -33.323555 0.833333 0.833333 -1
1 -17.870428 67.653244 -34.930725 0.750000 0.000000 -1
1 -17.120577 68.417755 -33.733707 0.833333 0.166667 -1
1 -16.867142 66.216446 -34.457161 0.833333 1.000000 -1
1 -16.854782 66.746597 -33.340916 0.916667 0.833333 -1
1 -17.870428 67.653244 -34.930725 0.833333 0.000000 -1
1 -17.723663 67.990921 -33.751049 0.916667 0.166667 -1
1 -16.867142 66.216446 -34.457161 0.916667 1.000000 -1
1 -17.479202 66.203484 -33.665848 1.000000 0.833333 -1
1 -17.870428 67.653244 -34.930725 0.916667 0.000000 -1
1 -18.348097 67.447792 -34.075954 1.000000 0.166667 -1
1 -18.061686 66.386436 -33.149994 0.000000 0.666667 -1
1 -18.890364 65.496384 -34.094791 0.083333 0.666667 -1
1 -19.244139 64.895477 -35.168377 0.166667 0.666667 -1
1 -19.028162 64.744789 -36.083157 0.250000 0.666667 -1
1 -18.300411 65.084633 -36.593914 0.333333 0.666667 -1
1 -17.255693 65.824036 -36.563854 0.416667 0.666667 -1
1 -16.174177 66.764816 -36.001095 0.500000 0.666667 -1
1 -15.345525 67.654907 -35.056320 0.583333 0.666667 -1
1 -14.991813 68.255753 -33.982738 0.666667 0.666667 -1
1 -15.207740 68.406357 -33.067955 0.750000 0.666667 -1
1 -15.935554 68.066612 -32.557163 0.833333 0.666667 -1
1 -16.980175 67.327217 -32.587166 0.916667 0.666667 -1
1 -18.061686 66.386436 -33.149994 1.000000 0.666667 -1
1 -18.458517 66.716408 -33.047840 0.000000 0.500000 -1
1 -19.415451 65.688583 -34.138786 0.083333 0.500000 -1
1 -19.823912 64.994766 -35.378498 0.166667 0.500000 -1
1 -19.574480 64.820763 -36.434738 0.250000 0.500000 -1
1 -18.734129 65.213234 -37.024601 0.333333 0.500000 -1
1 -17.527895 66.066978 -36.989906 0.416667 0.500000 -1
1 -16.279013 67.153297 -36.340012 0.500000 0.500000 -1
1 -15.322104 68.181053 -35.249088 0.583333 0.500000 -1
1 -14.913684 68.874901 -34.009384 0.666667 0.500000 -1
1 -15.163056 69.048912 -32.953144 0.750000 0.500000 -1
1 -16.003456 68.656425 -32.363335 0.833333 0.500000 -1
1 -17.209696 67.802704 -32.397991 0.916667 0.500000 -1
1 -18.458517 66.716408 -33.047840 1.000000 0.500000 -1
1 -18.563400 67.104820 -33.386810 0.000000 0.333333 -1
1 -19.391987 66.214760 -34.331562 0.083333 0.333333 -1
1 -19.745806 65.613846 -35.405140 0.166667 0.333333 -1
1 -19.529839 65.463173 -36.319901 0.250000 0.333333 -1
1 -18.802040 65.803047 -36.830750 0.333333 0.333333 -1
1 -17.757429 66.542404 -36.800640 0.416667 0.333333 -1
1 -16.675875 67.483170 -36.237862 0.500000 0.333333 -1
1 -15.847244 68.373238 -35.293095 0.583333 0.333333 -1
1 -15.493464 68.974144 -34.219494 0.666667 0.333333 -1
1 -15.709402 69.124840 -33.304722 0.750000 0.333333 -1
1 -16.437206 68.785004 -32.793983 0.833333 0.333333 -1
1 -17.481867 68.045593 -32.823971 0.916667 0.333333 -1
1 -18.563400 67.104820 -33.386810 1.000000 0.333333 -1
107
-0.548657 -0.109979 0.828782
-0.548662 -0.109977 0.828779
-0.548666 -0.109976 0.828777
0.627287 0.601212 0.495030
0.627272 0.601214 0.495046
0.052719 0.984785 0.165589
0.834375 -0.134548 0.534524
0.548670 0.109991 -0.828772
0.548670 0.109992 -0.828772
0.548670 0.109993 -0.828772
-0.834350 0.134545 -0.534562
-0.052688 -0.984779 -0.165634
-0.627234 -0.601214 -0.495095
-0.627235 -0.601214 -0.495094
-0.552716 0.791488 -0.260866
-0.552724 0.791489 -0.260848
0.552731 -0.791487 0.260840
0.552722 -0.791490 0.260850
0.470340 -0.809882 0.350530
0.316637 -0.813153 0.488389
0.356212 -0.839317 0.410682
-0.626716 0.761078 -0.167294
-0.714232 0.693492 -0.094565
-0.729142 0.684343 -0.005180
0.469321 -0.827390 0.308486
0.344793 -0.886012 0.309999
-0.630307 0.747243 -0.210575
-0.730487 0.653746 -0.197497
0.489949 -0.834222 0.253030
0.445347 -0.877408 0.178384
-0.612310 0.744125 -0.267121
-0.645860 0.685211 -0.336676
0.525771 -0.827040 0.198921
0.526055 -0.849679 0.036205
-0.576365 0.751329 -0.321415
-0.549190 0.690092 -0.471342
0.567150 -0.807785 0.160702
0.616522 -0.787143 0.017489
-0.532530 0.766831 -0.358304
-0.453918 0.745674 -0.487780
0.603681 -0.783158 0.149109
0.699533 -0.714353 -0.018815
-0.493357 0.787817 -0.368705
-0.347423 0.784934 -0.513007
0.626705 -0.761090 0.167282
0.714205 -0.693520 0.094558
-0.470290 0.809923 -0.350502
-0.356191 0.839355 -0.410623
0.630295 -0.747263 0.210537
0.730469 -0.653767 0.197494
-0.469268 0.827434 -0.308449
-0.344793 0.886018 -0.309984
0.612270 -0.744141 0.267170
0.645841 -0.685237 0.336658
-0.489873 0.834258 -0.253059
-0.445320 0.877418 -0.178406
0.576388 -0.751331 0.321370
0.549179 -0.690111 0.471327
-0.525732 0.827071 -0.198897
-0.526038 0.849689 -0.036226
0.532483 -0.766858 0.358317
0.453914 -0.745700 0.487744
-0.567111 0.807816 -0.160679
-0.616476 0.787180 -0.017488
0.493367 -0.787812 0.368702
0.377473 -0.754864 0.536371
-0.603643 0.783191 -0.149085
-0.668271 0.742686 0.042797
-0.020234 -0.718812 0.694909
-0.035174 -0.797751 0.601961
0.002519 -0.939533 0.342450
0.181189 -0.983392 -0.010558
0.425823 -0.854689 -0.296953
0.629735 -0.664467 -0.402390
0.777903 -0.514286 -0.361077
0.885252 -0.419573 -0.200716
0.919790 -0.381266 0.092861
0.786856 -0.402907 0.467465
0.496471 -0.466102 0.732301
0.220342 -0.552838 0.803629
0.106250 -0.597594 0.794728
-0.636371 -0.198696 0.745353
-0.721213 -0.297386 0.625630
-0.832355 -0.508721 0.219973
-0.627269 -0.601205 -0.495063
-0.069752 -0.355853 -0.931935
0.317872 -0.089070 -0.943941
0.548642 0.110017 -0.828787
0.721189 0.297432 -0.625637
0.832337 0.508743 -0.219991
0.627234 0.601239 0.495065
0.069727 0.355878 0.931928
-0.317912 0.089156 0.943919
-0.448647 -0.018766 0.893512
-0.837189 0.451033 0.309327
-0.885253 0.419566 0.200727
-0.919788 0.381270 -0.092865
-0.786869 0.402885 -0.467462
-0.496487 0.466131 -0.732272
-0.220343 0.552856 -0.803616
-0.043236 0.661560 -0.748645
0.035139 0.797770 -0.601937
-0.002588 0.939533 -0.342448
-0.181221 0.983386 0.010524
-0.425827 0.854694 0.296932
-0.629725 0.664480 0.402383
-0.710711 0.572270 0.409141
132
1 0 1 2 0 1 1 1
1 1 3 2 1 2 1 1
1 4 5 6 3 4 5 1
1 5 7 6 4 6 5 1
1 8 9 10 7 8 8 1
1 9 11 10 8 9 8 1
1 12 13 14 10 11 12 1
1 13 15 14 11 13 12 1
1 12 16 6 10 14 5 1
1 16 17 6 14 15 5 1
1 18 13 19 16 11 17 1
1 13 7 19 11 6 17 1
1 20 21 22 18 19 20 1
1 23 24 25 21 22 23 1
1 26 22 27 24 20 25 1
1 28 29 24 26 27 22 1
1 30 27 31 28 25 29 1
1 32 33 29 30 31 27 1
1 34 31 35 32 29 33 1
1 36 37 33 34 35 31 1
1 38 35 39 36 33 37 1
1 40 41 37 38 39 35 1
1 42 39 43 40 37 41 1
1 44 45 41 42 43 39 1
1 46 43 47 44 41 45 1
1 48 49 45 46 47 43 1
1 50 47 51 48 45 49 1
1 52 53 49 50 51 47 1
1 54 51 55 52 49 53 1
1 56 57 53 54 55 51 1
1 58 55 59 56 53 57 1
1 60 61 57 58 59 55 1
1 62 59 63 60 57 61 1
1 64 65 61 62 63 59 1
1 66 63 67 64 61 65 1
1 68 69 65 66 67 63 1
1 21 70 71 19 68 69 1
1 21 71 22 19 69 20 1
1 22 71 27 20 69 25 1
1 71 72 27 69 70 25 1
1 27 72 73 25 70 71 1
1 27 73 31 25 71 29 1
1 31 73 35 29 71 33 1
1 73 74 35 71 72 33 1
1 35 74 75 33 72 73 1
1 35 75 39 33 73 37 1
1 39 75 43 37 73 41 1
1 75 76 43 73 74 41 1
1 43 76 77 41 74 75 1
1 43 77 47 41 75 45 1
1 47 77 51 45 75 49 1
1 77 78 51 75 76 49 1
1 51 78 79 49 76 77 1
1 51 79 55 49 77 53 1
1 55 79 59 53 77 57 1
1 79 80 59 77 78 57 1
1 59 80 81 57 78 79 1
1 59 81 63 57 79 61 1
1 63 81 67 61 79 65 1
1 81 82 67 79 80 65 1
1 70 83 71 68 81 69 1
1 83 84 71 81 82 69 1
1 71 84 85 69 82 83 1
1 71 85 72 69 83 70 1
1 72 85 73 70 83 71 1
1 85 86 73 83 84 71 1
1 73 86 87 71 84 85 1
1 73 87 74 71 85 72 1
1 74 87 75 72 85 73 1
1 87 88 75 85 86 73 1
1 75 88 89 73 86 87 1
1 75 89 76 73 87 74 1
1 76 89 77 74 87 75 1
1 89 90 77 87 88 75 1
1 77 90 91 75 88 89 1
1 77 91 78 75 89 76 1
1 78 91 79 76 89 77 1
1 91 92 79 89 90 77 1
1 79 92 93 77 90 91 1
1 79 93 80 77 91 78 1
1 80 93 81 78 91 79 1
1 93 94 81 91 92 79 1
1 81 94 95 79 92 93 1
1 81 95 82 79 93 80 1
1 83 96 97 81 94 95 1
1 83 97 84 81 95 82 1
1 84 97 85 82 95 83 1
1 97 98 85 95 96 83 1
1 85 98 99 83 96 97 1
1 85 99 86 83 97 84 1
1 86 99 87 84 97 85 1
1 99 100 87 97 98 85 1
1 87 100 101 85 98 99 1
1 87 101 88 85 99 86 1
1 88 101 89 86 99 87 1
1 101 102 89 99 100 87 1
1 89 102 103 87 100 101 1
1 89 103 90 87 101 88 1
1 90 103 91 88 101 89 1
1 103 104 91 101 102 89 1
1 91 104 105 89 102 103 1
1 91 105 92 89 103 90 1
1 92 105 93 90 103 91 1
1 105 106 93 103 104 91 1
1 93 106 107 91 104 105 1
1 93 107 94 91 105 92 1
1 94 107 95 92 105 93 1
1 107 108 95 105 106 93 1
1 96 25 97 94 23 95 1
1 25 24 97 23 22 95 1
1 97 24 29 95 22 27 1
1 97 29 98 95 27 96 1
1 98 29 99 96 27 97 1
1 29 33 99 27 31 97 1
1 99 33 37 97 31 35 1
1 99 37 100 97 35 98 1
1 100 37 101 98 35 99 1
1 37 41 101 35 39 99 1
1 101 41 45 99 39 43 1
1 101 45 102 99 43 100 1
1 102 45 103 100 43 101 1
1 45 49 103 43 47 101 1
1 103 49 53 101 47 51 1
1 103 53 104 101 51 102 1
1 104 53 105 102 51 103 1
1 53 57 105 51 55 103 1
1 105 57 61 103 55 59 1
1 105 61 106 103 59 104 1
1 106 61 107 104 59 105 1
1 61 65 107 59 63 105 1
1 107 65 69 105 63 67 1
1 107 69 108 105 67 106 1