Bones: 128
"Explosion_1"
""
8 -1.619866 60.148647 -21.564108 0.000000 -0.000000 0.000000
2
1.000000 0.000000 0.000000 0.000000
30.000000 -2.350093 87.263336 -31.285093
2
1.000000 0.000000 -0.000000 0.000000
30.000000 2.250757 0.998922 0.141894
"Explosion_2"
""
8 -6.325275 72.074120 -23.283504 0.000000 -0.000000 0.000000
2
1.000000 0.000000 0.000000 0.000000
30.000000 -2.668157 30.402636 -9.821554
2
1.000000 0.000000 -0.000000 0.000000
30.000000 2.726829 1.390728 -1.559190
"Explosion_3"
""
8 -0.758019 60.609215 -20.671116 0.000000 -0.000000 0.000000
2
1.000000 0.000000 0.000000 0.000000
30.000000 -1.129679 90.326225 -30.806269
2
1.000000 0.000000 -0.000000 0.000000
30.000000 0.082400 1.570195 0.000000
"Explosion_4"
""
8 -5.463428 72.534676 -22.390499 0.000000 -0.000000 0.000000
2
1.000000 0.000000 0.000000 0.000000
30.000000 -2.901764 38.524982 -11.892155
2
1.000000 0.000000 -0.000000 0.000000
30.000000 1.080678 -0.146811 0.157222
"Explosion_5"
""
8 -0.179000 60.978756 -19.625797 0.000000 -0.000000 0.000000
2
1.000000 0.000000 0.000000 0.000000
30.000000 -0.233658 79.598717 -25.618567
2
1.000000 0.000000 -0.000000 0.000000
30.000000 -2.928233 -0.830461 0.929916
"Explosion_6"
""
8 -4.884407 72.904228 -21.345182 0.000000 -0.000000 0.000000
2
1.000000 0.000000 0.000000 0.000000
30.000000 -4.315777 64.416908 -18.860233
2
1.000000 0.000000 -0.000000 0.000000
30.000000 -2.298315 0.236553 -0.599044
"Explosion_7"
""
8 0.060515 61.221081 -18.530478 0.000000 -0.000000 0.000000
2
1.000000 0.000000 0.000000 0.000000
30.000000 0.067689 68.478806 -20.727255
2
1.000000 0.000000 -0.000000 0.000000
30.000000 2.228174 1.055653 0.805366
"Explosion_8"
""
8 -4.644888 73.146530 -20.249853 0.000000 -0.000000 0.000000
2
1.000000 0.000000 0.000000 0.000000
30.000000 -3.378232 53.199554 -14.727741
2
1.000000 0.000000 -0.000000 0.000000
30.000000 0.547790 -1.072133 -2.710401
"Explosion_9"
""
8 -0.062913 61.312450 -17.492367 0.000000 -0.000000 0.000000
2
1.000000 0.000000 0.000000 0.000000
30.000000 -0.066483 64.791611 -18.484966
2
1.000000 0.000000 -0.000000 0.000000
30.000000 -2.866586 0.435551 -1.904712
"Explosion_10"
""
8 -4.768307 73.237885 -19.211739 0.000000 -0.000000 0.000000
2
1.000000 0.000000 0.000000 0.000000
30.000000 -3.226590 49.558186 -13.000087
2
1.000000 0.000000 -0.000000 0.000000
30.000000 -2.817233 -0.010647 1.631179
"Explosion_11"
""
8 -0.537199 61.243958 -16.613087 0.000000 -0.000000 0.000000
2
1.000000 0.000000 0.000000 0.000000
30.000000 -0.558333 63.653309 -17.266649
2
1.000000 0.000000 -0.000000 0.000000
30.000000 1.982805 0.594823 1.028762
"Explosion_12"
""
8 -5.242596 73.169395 -18.332466 0.000000 -0.000000 0.000000
2
1.000000 0.000000 0.000000 0.000000
30.000000 -1.661940 23.195211 -5.811520
2
1.000000 0.000000 -0.000000 0.000000
30.000000 1.994420 1.487202 -1.847286
"Explosion_13"
""
8 -1.315926 61.022308 -15.978706 0.000000 -0.000000 0.000000
2
1.000000 0.000000 0.000000 0.000000
30.000000 -1.911020 88.618080 -23.204666
2
1.000000 0.000000 -0.000000 0.000000
30.000000 1.062332 -1.427333 -1.503699
"Explosion_14"
""
8 -6.021329 72.947769 -17.698095 0.000000 -0.000000 0.000000
2
1.000000 0.000000 0.000000 0.000000
30.000000 -4.116723 49.873665 -12.100012
2
1.000000 0.000000 -0.000000 0.000000
30.000000 1.089833 1.347444 -0.686344
"Explosion_15"
""
8 -2.322871 60.669170 -15.651327 0.000000 -0.000000 0.000000
2
1.000000 0.000000 0.000000 0.000000
30.000000 -1.891250 49.396019 -12.743099
2
1.000000 0.000000 -0.000000 0.000000
30.000000 -1.730112 -0.212731 1.532317
"Explosion_16"
""
8 -7.028271 72.594650 -17.370720 0.000000 -0.000000 0.000000
2
1.000000 0.000000 0.000000 0.000000
30.000000 -7.464562 77.101082 -18.449036
2
1.000000 0.000000 -0.000000 0.000000
30.000000 -1.555562 -1.494526 -0.930475
"Explosion_17"
""
8 -3.459466 60.219128 -15.662990 0.000000 -0.000000 0.000000
2
1.000000 0.000000 0.000000 0.000000
30.000000 -1.999204 34.800247 -9.051541
2
1.000000 0.000000 -0.000000 0.000000
30.000000 -1.406581 -0.467221 -1.202176
"Explosion_18"
""
8 -8.164867 72.144577 -17.382374 0.000000 -0.000000 0.000000
2
1.000000 0.000000 0.000000 0.000000
30.000000 -5.405612 47.763866 -11.508133
2
1.000000 0.000000 -0.000000 0.000000
30.000000 0.353098 -1.529248 1.865562
"Explosion_19"
""
8 -4.614442 59.716240 -16.012547 0.000000 -0.000000 0.000000
2
1.000000 0.000000 0.000000 0.000000
30.000000 -2.697730 34.911762 -9.361377
2
1.000000 0.000000 -0.000000 0.000000
30.000000 -2.782390 0.044880 1.912002
"Explosion_20"
""
8 -9.319845 71.641685 -17.731943 0.000000 -0.000000 0.000000
2
1.000000 0.000000 0.000000 0.000000
30.000000 -9.397752 72.240555 -17.880169
2
1.000000 0.000000 -0.000000 0.000000
30.000000 1.233305 -1.016013 0.940327
"Explosion_21"
""
8 -5.674746 59.209728 -16.665800 0.000000 -0.000000 0.000000
2
1.000000 0.000000 0.000000 0.000000
30.000000 -2.041657 21.302443 -5.996012
2
1.000000 0.000000 -0.000000 0.000000
30.000000 0.243250 0.713811 0.804146
"Explosion_22"
""
8 -10.380145 71.135193 -18.385204 0.000000 -0.000000 0.000000
2
1.000000 0.000000 0.000000 0.000000
30.000000 -4.394488 30.115454 -7.783472
2
1.000000 0.000000 -0.000000 0.000000
30.000000 1.038562 -0.781630 0.373224
"Explosion_23"
""
8 -6.536596 58.749187 -17.558800 0.000000 -0.000000 0.000000
2
1.000000 0.000000 0.000000 0.000000
30.000000 -8.267670 74.307617 -22.208860
2
1.000000 0.000000 -0.000000 0.000000
30.000000 -2.884287 -0.738836 -0.827374
"Explosion_24"
""
8 -11.241995 70.674637 -19.278194 0.000000 -0.000000 0.000000
2
1.000000 0.000000 0.000000 0.000000
30.000000 -10.980702 69.031975 -18.830120
2
1.000000 0.000000 -0.000000 0.000000
30.000000 -2.261744 -1.390780 -2.234277
"Explosion_25"
""
8 -7.115623 58.379662 -18.604118 0.000000 -0.000000 0.000000
2
1.000000 0.000000 0.000000 0.000000
30.000000 -2.765062 22.685768 -7.229380
2
1.000000 0.000000 -0.000000 0.000000
30.000000 -3.074809 -0.719321 3.116211
"Explosion_26"
""
8 -11.821013 70.305099 -20.323505 0.000000 -0.000000 0.000000
2
1.000000 0.000000 0.000000 0.000000
30.000000 -12.474328 74.190666 -21.446730
2
1.000000 0.000000 -0.000000 0.000000
30.000000 -2.522372 -0.456845 0.714421
"Explosion_27"
""
8 -7.355142 58.137329 -19.699440 0.000000 -0.000000 0.000000
2
1.000000 0.000000 0.000000 0.000000
30.000000 -5.921038 46.801727 -15.858448
2
1.000000 0.000000 -0.000000 0.000000
30.000000 0.914047 -0.423954 3.053970
"Explosion_28"
""
8 -12.060530 70.062767 -21.418823 0.000000 -0.000000 0.000000
2
1.000000 0.000000 0.000000 0.000000
30.000000 -5.452012 31.672159 -9.682467
2
1.000000 0.000000 -0.000000 0.000000
30.000000 0.641246 0.647280 2.547973
"Explosion_29"
""
8 -7.231702 58.045929 -20.737549 0.000000 -0.000000 0.000000
2
1.000000 0.000000 0.000000 0.000000
30.000000 -4.311111 34.603535 -12.362494
2
1.000000 0.000000 -0.000000 0.000000
30.000000 2.721370 -0.306711 2.749482
"Explosion_30"
""
8 -11.937102 69.971413 -22.456944 0.000000 -0.000000 0.000000
2
1.000000 0.000000 0.000000 0.000000
30.000000 -8.848854 51.869102 -16.647106
2
1.000000 0.000000 -0.000000 0.000000
30.000000 -2.984422 1.022693 2.029159
"Explosion_31"
""
8 -6.757406 58.114433 -21.616819 0.000000 -0.000000 0.000000
2
1.000000 0.000000 0.000000 0.000000
30.000000 -5.643032 48.530693 -18.051956
2
1.000000 0.000000 -0.000000 0.000000
30.000000 -3.003937 0.569746 2.563215
"Explosion_32"
""
8 -11.462803 70.039917 -23.336235 0.000000 -0.000000 0.000000
2
1.000000 0.000000 0.000000 0.000000
30.000000 -10.719419 65.497696 -21.822838
2
1.000000 0.000000 -0.000000 0.000000
30.000000 0.520899 -0.494146 -1.884535
"Explosion_33"
""
8 -5.978684 58.336113 -22.251209 0.000000 -0.000000 0.000000
2
1.000000 0.000000 0.000000 0.000000
30.000000 -8.491627 82.855766 -31.603767
2
1.000000 0.000000 -0.000000 0.000000
30.000000 0.876814 0.730291 -1.174030
"Explosion_34"
""
8 -10.684074 70.261559 -23.970596 0.000000 -0.000000 0.000000
2
1.000000 0.000000 0.000000 0.000000
30.000000 -3.153292 20.736958 -7.074668
2
1.000000 0.000000 -0.000000 0.000000
30.000000 -0.890242 -0.965318 -0.202896
"Explosion_35"
""
8 -4.971741 58.689220 -22.578590 0.000000 -0.000000 0.000000
2
1.000000 0.000000 0.000000 0.000000
30.000000 -1.772063 20.918421 -8.047618
2
1.000000 0.000000 -0.000000 0.000000
30.000000 -0.885952 0.875541 2.452128
"Explosion_36"
""
8 -9.677134 70.614700 -24.297970 0.000000 -0.000000 0.000000
2
1.000000 0.000000 0.000000 0.000000
30.000000 -6.702037 48.905220 -16.827908
2
1.000000 0.000000 -0.000000 0.000000
30.000000 1.404139 0.909774 3.025893
"Explosion_37"
""
8 -3.835149 59.139252 -22.566931 0.000000 -0.000000 0.000000
2
1.000000 0.000000 0.000000 0.000000
30.000000 -5.445003 83.963730 -32.039696
2
1.000000 0.000000 -0.000000 0.000000
30.000000 -1.489626 1.241205 1.005027
"Explosion_38"
""
8 -8.540546 71.064758 -24.286316 0.000000 -0.000000 0.000000
2
1.000000 0.000000 0.000000 0.000000
30.000000 -9.429799 78.464111 -26.815037
2
1.000000 0.000000 -0.000000 0.000000
30.000000 2.385649 1.329098 -1.352903
"Explosion_39"
""
8 -2.680174 59.642143 -22.217367 0.000000 -0.000000 0.000000
2
1.000000 0.000000 0.000000 0.000000
30.000000 -2.757327 61.359047 -22.856934
2
1.000000 0.000000 -0.000000 0.000000
30.000000 -3.103479 -0.313408 0.013140
"Explosion_40"
""
8 -7.385580 71.567627 -23.936758 0.000000 -0.000000 0.000000
2
1.000000 0.000000 0.000000 0.000000
30.000000 -2.027723 19.649010 -6.571876
2
1.000000 0.000000 -0.000000 0.000000
30.000000 -1.512175 0.027144 -2.216542
"Explosion_41"
""
8 0.706547 61.367210 -25.294867 0.000000 -0.000000 0.000000
2
1.000000 0.000000 0.000000 0.000000
30.000000 0.869421 75.513611 -31.125851
2
1.000000 0.000000 -0.000000 0.000000
30.000000 -2.565081 1.114196 -1.379707
"Explosion_42"
""
8 0.621991 61.223217 -23.573103 0.000000 -0.000000 0.000000
2
1.000000 0.000000 0.000000 0.000000
30.000000 0.739914 72.830551 -28.042337
2
1.000000 0.000000 -0.000000 0.000000
30.000000 -0.563083 1.545815 3.085169
"Explosion_43"
""
8 1.483838 61.683777 -22.680113 0.000000 -0.000000 0.000000
2
1.000000 0.000000 0.000000 0.000000
30.000000 1.418551 58.969757 -21.682213
2
1.000000 0.000000 -0.000000 0.000000
30.000000 1.756916 -0.681513 3.020993
"Explosion_44"
""
8 3.207727 62.703796 -22.703316 0.000000 -0.000000 0.000000
2
1.000000 0.000000 0.000000 0.000000
30.000000 1.719500 33.612328 -12.170097
2
1.000000 0.000000 -0.000000 0.000000
30.000000 1.747760 -0.334822 2.784779
"Explosion_45"
""
8 4.309112 63.406689 -20.714991 0.000000 -0.000000 0.000000
2
1.000000 0.000000 0.000000 0.000000
30.000000 5.666828 83.384880 -27.241875
2
1.000000 0.000000 -0.000000 0.000000
30.000000 -1.617838 0.567357 3.133997
"Explosion_46"
""
8 3.164241 62.756210 -19.646469 0.000000 -0.000000 0.000000
2
1.000000 0.000000 0.000000 0.000000
30.000000 3.333366 66.110458 -20.696550
2
1.000000 0.000000 -0.000000 0.000000
30.000000 1.583029 1.296156 -1.639184
"Explosion_47"
""
8 3.403756 62.998535 -18.551147 0.000000 -0.000000 0.000000
2
1.000000 0.000000 0.000000 0.000000
30.000000 4.298545 79.559769 -23.427927
2
1.000000 0.000000 -0.000000 0.000000
30.000000 2.843462 -1.136187 2.760417
"Explosion_48"
""
8 5.004230 64.109932 -17.536240 0.000000 -0.000000 0.000000
2
1.000000 0.000000 0.000000 0.000000
30.000000 1.990992 25.506895 -6.977000
2
1.000000 0.000000 -0.000000 0.000000
30.000000 -0.152322 0.823660 -1.224063
"Explosion_49"
""
8 4.769460 64.283768 -15.561638 0.000000 -0.000000 0.000000
2
1.000000 0.000000 0.000000 0.000000
30.000000 3.207672 43.233669 -10.465888
2
1.000000 0.000000 -0.000000 0.000000
30.000000 1.466414 -0.540483 -1.042242
"Explosion_50"
""
8 3.045558 63.263744 -15.538432 0.000000 -0.000000 0.000000
2
1.000000 0.000000 0.000000 0.000000
30.000000 1.650831 34.291824 -8.422536
2
1.000000 0.000000 -0.000000 0.000000
30.000000 1.413905 -0.475732 -0.268206
"Explosion_51"
""
8 2.571271 63.195251 -14.659152 0.000000 -0.000000 0.000000
2
1.000000 0.000000 0.000000 0.000000
30.000000 2.844007 69.898407 -16.214056
2
1.000000 0.000000 -0.000000 0.000000
30.000000 -2.450366 -0.234042 -2.274510
"Explosion_52"
""
8 3.393022 64.085007 -13.009844 0.000000 -0.000000 0.000000
2
1.000000 0.000000 0.000000 0.000000
30.000000 2.176219 41.102890 -8.344263
2
1.000000 0.000000 -0.000000 0.000000
30.000000 -2.750668 0.495281 1.133152
"Explosion_53"
""
8 1.911778 63.663372 -11.803188 0.000000 -0.000000 0.000000
2
1.000000 0.000000 0.000000 0.000000
30.000000 1.466764 48.844147 -9.055704
2
1.000000 0.000000 -0.000000 0.000000
30.000000 -0.693110 0.933596 2.764672
"Explosion_54"
""
8 0.311301 62.551968 -12.818118 0.000000 -0.000000 0.000000
2
1.000000 0.000000 0.000000 0.000000
30.000000 0.187862 37.748405 -7.735385
2
1.000000 0.000000 -0.000000 0.000000
30.000000 -2.766485 0.004020 -1.223470
"Explosion_55"
""
8 -0.695644 62.198833 -12.490741 0.000000 -0.000000 0.000000
2
1.000000 0.000000 0.000000 0.000000
30.000000 -0.239370 21.402498 -4.298040
2
1.000000 0.000000 -0.000000 0.000000
30.000000 -0.898805 -0.680223 -2.777455
"Explosion_56"
""
8 -1.010504 62.638535 -10.853106 0.000000 -0.000000 0.000000
2
1.000000 0.000000 0.000000 0.000000
30.000000 -0.329627 20.432711 -3.540287
2
1.000000 0.000000 -0.000000 0.000000
30.000000 0.113241 0.264002 0.006426
"Explosion_57"
""
8 -3.172430 61.782494 -10.875285 0.000000 -0.000000 0.000000
2
1.000000 0.000000 0.000000 0.000000
30.000000 -2.685173 52.293251 -9.204938
2
1.000000 0.000000 -0.000000 0.000000
30.000000 1.471925 -1.238188 -2.237940
"Explosion_58"
""
8 -3.994164 60.892742 -12.524580 0.000000 -0.000000 0.000000
2
1.000000 0.000000 0.000000 0.000000
30.000000 -4.869097 74.231468 -15.268124
2
1.000000 0.000000 -0.000000 0.000000
30.000000 -0.098558 -0.008833 -1.899829
"Explosion_59"
""
8 -5.149140 60.389854 -12.874136 0.000000 -0.000000 0.000000
2
1.000000 0.000000 0.000000 0.000000
30.000000 -5.222023 61.244625 -13.056359
2
1.000000 0.000000 -0.000000 0.000000
30.000000 -1.741099 -0.504523 2.457062
"Explosion_60"
""
8 -6.524298 60.323051 -11.889763 0.000000 -0.000000 0.000000
2
1.000000 0.000000 0.000000 0.000000
30.000000 -4.305187 39.805363 -7.845695
2
1.000000 0.000000 -0.000000 0.000000
30.000000 -1.463973 0.983577 -0.268258
"Explosion_61"
""
8 -8.541117 59.359631 -13.132319 0.000000 -0.000000 0.000000
2
1.000000 0.000000 0.000000 0.000000
30.000000 -3.755639 26.101196 -5.774450
2
1.000000 0.000000 -0.000000 0.000000
30.000000 -1.825329 -1.046462 2.427730
"Explosion_62"
""
8 -8.226263 58.919922 -14.769946 0.000000 -0.000000 0.000000
2
1.000000 0.000000 0.000000 0.000000
30.000000 -11.962507 85.680458 -21.478231
2
1.000000 0.000000 -0.000000 0.000000
30.000000 -2.413760 0.998243 -2.137263
"Explosion_63"
""
8 -9.088112 58.459381 -15.662948 0.000000 -0.000000 0.000000
2
1.000000 0.000000 0.000000 0.000000
30.000000 -10.631539 68.387497 -18.322975
2
1.000000 0.000000 -0.000000 0.000000
30.000000 -1.346206 0.289586 -0.970828
"Explosion_64"
""
8 -11.042300 58.023041 -15.723892 0.000000 -0.000000 0.000000
2
1.000000 0.000000 0.000000 0.000000
30.000000 -16.214909 85.203110 -23.089527
2
1.000000 0.000000 -0.000000 0.000000
30.000000 -1.258330 1.174099 -2.702431
"Explosion_65"
""
8 -12.143661 57.320183 -17.712217 0.000000 -0.000000 0.000000
2
1.000000 0.000000 0.000000 0.000000
30.000000 -10.953800 51.703835 -15.976738
2
1.000000 0.000000 -0.000000 0.000000
30.000000 1.577554 -0.221887 -2.963705
"Explosion_66"
""
8 -10.768500 57.386993 -18.696587 0.000000 -0.000000 0.000000
2
1.000000 0.000000 0.000000 0.000000
30.000000 -9.522906 50.749031 -16.533949
2
1.000000 0.000000 -0.000000 0.000000
30.000000 2.821488 0.558131 0.007612
"Explosion_67"
""
8 -11.008020 57.144665 -19.791910 0.000000 -0.000000 0.000000
2
1.000000 0.000000 0.000000 0.000000
30.000000 -14.664083 76.123962 -26.365341
2
1.000000 0.000000 -0.000000 0.000000
30.000000 0.699231 -1.221097 0.854841
"Explosion_68"
""
8 -12.838778 56.616955 -20.890974 0.000000 -0.000000 0.000000
2
1.000000 0.000000 0.000000 0.000000
30.000000 -15.546480 68.557487 -25.296886
2
1.000000 0.000000 -0.000000 0.000000
30.000000 -0.130959 -0.635056 -0.859672
"Explosion_69"
""
8 -12.604007 56.443138 -22.865585 0.000000 -0.000000 0.000000
2
1.000000 0.000000 0.000000 0.000000
30.000000 -4.839196 21.670837 -8.779037
2
1.000000 0.000000 -0.000000 0.000000
30.000000 0.064411 0.204117 0.143690
"Explosion_70"
""
8 -10.649810 56.879440 -22.804632 0.000000 -0.000000 0.000000
2
1.000000 0.000000 0.000000 0.000000
30.000000 -12.295494 65.668854 -26.328566
2
1.000000 0.000000 -0.000000 0.000000
30.000000 0.497808 1.141749 -0.392180
"Explosion_71"
""
8 -10.175514 56.947937 -23.683903 0.000000 -0.000000 0.000000
2
1.000000 0.000000 0.000000 0.000000
30.000000 -8.877642 49.684307 -20.663055
2
1.000000 0.000000 -0.000000 0.000000
30.000000 2.987526 1.135018 -2.161016
"Explosion_72"
""
8 -11.227549 56.641899 -25.417336 0.000000 -0.000000 0.000000
2
1.000000 0.000000 0.000000 0.000000
30.000000 -12.870203 64.928932 -29.136038
2
1.000000 0.000000 -0.000000 0.000000
30.000000 2.496092 0.118665 -2.903888
"Explosion_73"
""
8 -9.746319 57.063519 -26.623983 0.000000 -0.000000 0.000000
2
1.000000 0.000000 0.000000 0.000000
30.000000 -4.753119 27.828936 -12.984077
2
1.000000 0.000000 -0.000000 0.000000
30.000000 2.685324 1.008026 -2.896581
"Explosion_74"
""
8 -7.915563 57.591240 -25.524939 0.000000 -0.000000 0.000000
2
1.000000 0.000000 0.000000 0.000000
30.000000 -7.115684 51.771561 -22.945606
2
1.000000 0.000000 -0.000000 0.000000
30.000000 -2.562622 0.844430 2.501585
"Explosion_75"
""
8 -6.908619 57.944347 -25.852322 0.000000 -0.000000 0.000000
2
1.000000 0.000000 0.000000 0.000000
30.000000 -5.131077 43.035648 -19.200689
2
1.000000 0.000000 -0.000000 0.000000
30.000000 2.753702 0.981188 1.475011
"Explosion_76"
""
8 -6.824059 58.088345 -27.574078 0.000000 -0.000000 0.000000
2
1.000000 0.000000 0.000000 0.000000
30.000000 -10.422050 88.715477 -42.112534
2
1.000000 0.000000 -0.000000 0.000000
30.000000 -1.166758 -0.699145 -0.871914
"Explosion_77"
""
8 -4.662137 58.944351 -27.551888 0.000000 -0.000000 0.000000
2
1.000000 0.000000 0.000000 0.000000
30.000000 -5.498184 69.514664 -32.492687
2
1.000000 0.000000 -0.000000 0.000000
30.000000 -2.591396 -0.773068 2.833033
"Explosion_78"
""
8 -3.610105 59.250389 -25.818474 0.000000 -0.000000 0.000000
2
1.000000 0.000000 0.000000 0.000000
30.000000 -3.886965 63.794315 -27.798500
2
1.000000 0.000000 -0.000000 0.000000
30.000000 -0.502692 -0.621645 -1.062332
"Explosion_79"
""
8 -2.455130 59.753281 -25.468908 0.000000 -0.000000 0.000000
2
1.000000 0.000000 0.000000 0.000000
30.000000 -2.469156 60.094643 -25.614408
2
1.000000 0.000000 -0.000000 0.000000
30.000000 2.090858 0.964690 -2.035924
"Explosion_80"
""
8 -1.310267 60.403778 -26.537413 0.000000 -0.000000 0.000000
2
1.000000 0.000000 0.000000 0.000000
30.000000 -0.788572 36.353458 -15.971297
2
1.000000 0.000000 -0.000000 0.000000
30.000000 0.933561 -0.147404 2.757923
"Explosion_81"
""
8 1.653761 62.292931 -27.704456 0.000000 -0.000000 0.000000
2
1.000000 0.000000 0.000000 0.000000
30.000000 1.784462 67.216118 -29.894020
2
1.000000 0.000000 -0.000000 0.000000
30.000000 2.161608 0.674171 2.056659
"Explosion_82"
""
8 3.313446 63.475647 -27.751135 0.000000 -0.000000 0.000000
2
1.000000 0.000000 0.000000 0.000000
30.000000 4.008317 76.787270 -33.570889
2
1.000000 0.000000 -0.000000 0.000000
30.000000 1.769141 -0.353658 -2.765875
"Explosion_83"
""
8 5.569802 64.681396 -25.413254 0.000000 -0.000000 0.000000
2
1.000000 0.000000 0.000000 0.000000
30.000000 5.620965 65.275551 -25.646696
2
1.000000 0.000000 -0.000000 0.000000
30.000000 -1.228422 1.315670 -1.056908
"Explosion_84"
""
8 5.549450 64.374710 -23.668020 0.000000 -0.000000 0.000000
2
1.000000 0.000000 0.000000 0.000000
30.000000 4.874538 56.545597 -20.789566
2
1.000000 0.000000 -0.000000 0.000000
30.000000 -0.212104 -1.005585 1.503612
"Explosion_85"
""
8 6.650834 65.077591 -21.679693 0.000000 -0.000000 0.000000
2
1.000000 0.000000 0.000000 0.000000
30.000000 9.190553 89.928429 -29.958403
2
1.000000 0.000000 -0.000000 0.000000
30.000000 -0.058256 1.322401 0.343368
"Explosion_86"
""
8 8.187113 66.351715 -20.688234 0.000000 -0.000000 0.000000
2
1.000000 0.000000 0.000000 0.000000
30.000000 9.176425 74.369507 -23.188154
2
1.000000 0.000000 -0.000000 0.000000
30.000000 -0.602182 0.639991 0.251829
"Explosion_87"
""
8 8.814171 66.986084 -17.820648 0.000000 -0.000000 0.000000
2
1.000000 0.000000 0.000000 0.000000
30.000000 8.995003 68.360374 -18.186258
2
1.000000 0.000000 -0.000000 0.000000
30.000000 -3.026486 1.127048 0.889615
"Explosion_88"
""
8 7.733495 66.172882 -16.728676 0.000000 -0.000000 0.000000
2
1.000000 0.000000 0.000000 0.000000
30.000000 6.271633 53.664227 -13.566456
2
1.000000 0.000000 -0.000000 0.000000
30.000000 0.652232 -0.495874 1.979788
"Explosion_89"
""
8 7.498726 66.346725 -14.754072 0.000000 -0.000000 0.000000
2
1.000000 0.000000 0.000000 0.000000
30.000000 7.465051 66.048782 -14.687816
2
1.000000 0.000000 -0.000000 0.000000
30.000000 -2.709704 -0.260899 -3.078437
"Explosion_90"
""
8 8.256244 67.399185 -13.128242 0.000000 -0.000000 0.000000
2
1.000000 0.000000 0.000000 0.000000
30.000000 5.562430 45.408451 -8.844812
2
1.000000 0.000000 -0.000000 0.000000
30.000000 -0.539245 0.069905 1.352292
"Explosion_91"
""
8 7.014540 67.219887 -10.826251 0.000000 -0.000000 0.000000
2
1.000000 0.000000 0.000000 0.000000
30.000000 5.554555 53.228943 -8.572908
2
1.000000 0.000000 -0.000000 0.000000
30.000000 -2.425899 -0.428768 2.753737
"Explosion_92"
""
8 5.354871 66.037155 -10.779567 0.000000 -0.000000 0.000000
2
1.000000 0.000000 0.000000 0.000000
30.000000 4.770791 58.834179 -9.603789
2
1.000000 0.000000 -0.000000 0.000000
30.000000 0.152898 -0.228618 -1.298563
"Explosion_93"
""
8 3.873627 65.615524 -9.572913 0.000000 -0.000000 0.000000
2
1.000000 0.000000 0.000000 0.000000
30.000000 1.187420 20.113752 -2.934476
2
1.000000 0.000000 -0.000000 0.000000
30.000000 -0.068649 -0.659522 1.996268
"Explosion_94"
""
8 3.494555 66.217911 -7.958748 0.000000 -0.000000 0.000000
2
1.000000 0.000000 0.000000 0.000000
30.000000 4.509662 85.453041 -10.270623
2
1.000000 0.000000 -0.000000 0.000000
30.000000 -1.617212 1.539624 2.866604
"Explosion_95"
""
8 0.858351 65.293381 -7.101638 0.000000 -0.000000 0.000000
2
1.000000 0.000000 0.000000 0.000000
30.000000 0.941507 71.618958 -7.789640
2
1.000000 0.000000 -0.000000 0.000000
30.000000 -2.851971 -1.537810 1.601898
"Explosion_96"
""
8 -0.677915 64.019287 -8.093100 0.000000 -0.000000 0.000000
2
1.000000 0.000000 0.000000 0.000000
30.000000 -1.014443 95.799492 -12.110644
2
1.000000 0.000000 -0.000000 0.000000
30.000000 2.458283 -0.406829 1.668499
"Explosion_97"
""
8 -2.839840 63.163239 -8.115278 0.000000 -0.000000 0.000000
2
1.000000 0.000000 0.000000 0.000000
30.000000 -4.115162 91.528748 -11.759707
2
1.000000 0.000000 -0.000000 0.000000
30.000000 0.141266 -0.904263 -1.543286
"Explosion_98"
""
8 -4.279199 63.259136 -7.154366 0.000000 -0.000000 0.000000
2
1.000000 0.000000 0.000000 0.000000
30.000000 -6.006092 88.787689 -10.041547
2
1.000000 0.000000 -0.000000 0.000000
30.000000 2.085923 -0.207272 1.474977
"Explosion_99"
""
8 -7.302972 61.942566 -8.069560 0.000000 -0.000000 0.000000
2
1.000000 0.000000 0.000000 0.000000
30.000000 -11.018653 93.458336 -12.175273
2
1.000000 0.000000 -0.000000 0.000000
30.000000 -2.361793 -0.419595 0.508778
"Explosion_100"
""
8 -8.060507 60.890121 -9.695393 0.000000 -0.000000 0.000000
2
1.000000 0.000000 0.000000 0.000000
30.000000 -3.805012 28.743557 -4.576770
2
1.000000 0.000000 -0.000000 0.000000
30.000000 1.822260 -1.349799 2.365490
"Explosion_101"
""
8 -10.077326 59.926704 -10.937948 0.000000 -0.000000 0.000000
2
1.000000 0.000000 0.000000 0.000000
30.000000 -10.838376 64.452431 -11.763994
2
1.000000 0.000000 -0.000000 0.000000
30.000000 0.664370 -1.489591 -1.111841
"Explosion_102"
""
8 -12.095713 59.653072 -11.022346 0.000000 -0.000000 0.000000
2
1.000000 0.000000 0.000000 0.000000
30.000000 -14.387733 70.956757 -13.110975
2
1.000000 0.000000 -0.000000 0.000000
30.000000 2.253216 -0.105934 -2.436293
"Explosion_103"
""
8 -14.352051 58.447319 -13.360231 0.000000 -0.000000 0.000000
2
1.000000 0.000000 0.000000 0.000000
30.000000 -23.233759 94.617203 -21.628157
2
1.000000 0.000000 -0.000000 0.000000
30.000000 -0.832885 0.371445 -0.305456
"Explosion_104"
""
8 -13.972998 57.844910 -14.974406 0.000000 -0.000000 0.000000
2
1.000000 0.000000 0.000000 0.000000
30.000000 -11.626870 48.132496 -12.460138
2
1.000000 0.000000 -0.000000 0.000000
30.000000 3.049156 1.521975 -2.945935
"Explosion_105"
""
8 -15.074359 57.142044 -16.962729 0.000000 -0.000000 0.000000
2
1.000000 0.000000 0.000000 0.000000
30.000000 -23.736082 89.975845 -26.709509
2
1.000000 0.000000 -0.000000 0.000000
30.000000 -3.053359 -0.776103 -0.778510
"Explosion_106"
""
8 -16.969316 56.777039 -18.085255 0.000000 -0.000000 0.000000
2
1.000000 0.000000 0.000000 0.000000
30.000000 -8.125134 27.185602 -8.659461
2
1.000000 0.000000 -0.000000 0.000000
30.000000 -2.895273 -0.349489 2.281852
"Explosion_107"
""
8 -17.596390 56.142654 -20.952850 0.000000 -0.000000 0.000000
2
1.000000 0.000000 0.000000 0.000000
30.000000 -22.788372 72.708076 -27.135187
2
1.000000 0.000000 -0.000000 0.000000
30.000000 -1.804001 0.539821 2.114035
"Explosion_108"
""
8 -16.157030 56.046768 -21.913763 0.000000 -0.000000 0.000000
2
1.000000 0.000000 0.000000 0.000000
30.000000 -14.030805 48.671154 -19.029966
2
1.000000 0.000000 -0.000000 0.000000
30.000000 -0.252423 -0.773034 -0.102847
"Explosion_109"
""
8 -15.922259 55.872948 -23.888374 0.000000 -0.000000 0.000000
2
1.000000 0.000000 0.000000 0.000000
30.000000 -20.265154 71.112640 -30.404078
2
1.000000 0.000000 -0.000000 0.000000
30.000000 1.053228 1.188086 -1.861900
"Explosion_110"
""
8 -17.038479 55.729607 -25.645275 0.000000 -0.000000 0.000000
2
1.000000 0.000000 0.000000 0.000000
30.000000 -25.091564 82.069710 -37.766285
2
1.000000 0.000000 -0.000000 0.000000
30.000000 1.593337 0.857230 -2.524152
"Explosion_111"
""
8 -15.796768 55.908920 -27.947247 0.000000 -0.000000 0.000000
2
1.000000 0.000000 0.000000 0.000000
30.000000 -14.522914 51.400414 -25.693575
2
1.000000 0.000000 -0.000000 0.000000
30.000000 2.640766 -1.338882 -1.161874
"Explosion_112"
""
8 -13.778387 56.182537 -27.862827 0.000000 -0.000000 0.000000
2
1.000000 0.000000 0.000000 0.000000
30.000000 -8.682232 35.402534 -17.557318
2
1.000000 0.000000 -0.000000 0.000000
30.000000 1.915002 -0.443468 0.275617
"Explosion_113"
""
8 -12.297156 56.604156 -29.069477 0.000000 -0.000000 0.000000
2
1.000000 0.000000 0.000000 0.000000
30.000000 -12.186691 56.095680 -28.808346
2
1.000000 0.000000 -0.000000 0.000000
30.000000 -2.692003 0.443434 -0.475818
"Explosion_114"
""
8 -12.276802 56.910851 -30.814718 0.000000 -0.000000 0.000000
2
1.000000 0.000000 0.000000 0.000000
30.000000 -14.226337 65.948196 -35.708042
2
1.000000 0.000000 -0.000000 0.000000
30.000000 -0.094251 -1.493254 -2.074360
"Explosion_115"
""
8 -9.640594 57.835350 -31.671825 0.000000 -0.000000 0.000000
2
1.000000 0.000000 0.000000 0.000000
30.000000 -13.473703 80.830734 -44.264572
2
1.000000 0.000000 -0.000000 0.000000
30.000000 1.227725 -0.344589 2.391770
"Explosion_116"
""
8 -7.745630 58.200371 -30.549292 0.000000 -0.000000 0.000000
2
1.000000 0.000000 0.000000 0.000000
30.000000 -6.038129 45.370274 -23.814793
2
1.000000 0.000000 -0.000000 0.000000
30.000000 2.779338 -0.476446 -0.102254
"Explosion_117"
""
8 -5.583709 59.056377 -30.527105 0.000000 -0.000000 0.000000
2
1.000000 0.000000 0.000000 0.000000
30.000000 -1.679650 17.764896 -9.182936
2
1.000000 0.000000 -0.000000 0.000000
30.000000 -0.911622 -1.159433 0.677850
"Explosion_118"
""
8 -4.503046 59.869568 -31.619102 0.000000 -0.000000 0.000000
2
1.000000 0.000000 0.000000 0.000000
30.000000 -2.148851 28.569721 -15.088616
2
1.000000 0.000000 -0.000000 0.000000
30.000000 0.575326 -0.270682 0.078485
"Explosion_119"
""
8 -1.479285 61.186157 -30.703915 0.000000 -0.000000 0.000000
2
1.000000 0.000000 0.000000 0.000000
30.000000 -1.029831 42.595860 -21.375090
2
1.000000 0.000000 -0.000000 0.000000
30.000000 -2.325850 -0.320174 -1.274758
"Explosion_120"
""
8 -0.363053 61.329498 -28.947002 0.000000 -0.000000 0.000000
2
1.000000 0.000000 0.000000 0.000000
30.000000 -0.527500 89.109108 -42.058743
2
1.000000 0.000000 -0.000000 0.000000
30.000000 -0.430633 0.952465 2.681068
"Explosion_121"
""
8 3.226465 64.899529 -30.879833 0.000000 -0.000000 0.000000
2
1.000000 0.000000 0.000000 0.000000
30.000000 4.033914 81.141159 -38.607761
2
1.000000 0.000000 -0.000000 0.000000
30.000000 1.010520 -1.444493 2.289245
"Explosion_122"
""
8 4.389337 64.924644 -29.105902 0.000000 -0.000000 0.000000
2
1.000000 0.000000 0.000000 0.000000
30.000000 1.935935 28.635277 -12.837276
2
1.000000 0.000000 -0.000000 0.000000
30.000000 -1.064842 0.683903 0.618017
"Explosion_123"
""
8 6.645693 66.130394 -26.768026 0.000000 -0.000000 0.000000
2
1.000000 0.000000 0.000000 0.000000
30.000000 7.893703 78.549171 -31.794855
2
1.000000 0.000000 -0.000000 0.000000
30.000000 -2.784169 0.000881 1.083136
"Explosion_124"
""
8 8.135316 67.522736 -25.793621 0.000000 -0.000000 0.000000
2
1.000000 0.000000 0.000000 0.000000
30.000000 10.270736 85.246620 -32.564129
2
1.000000 0.000000 -0.000000 0.000000
30.000000 -1.728246 1.471280 -2.698124
"Explosion_125"
""
8 9.917374 68.659973 -22.576462 0.000000 -0.000000 0.000000
2
1.000000 0.000000 0.000000 0.000000
30.000000 5.213347 36.093048 -11.867953
2
1.000000 0.000000 -0.000000 0.000000
30.000000 0.639938 1.213687 1.470652
"Explosion_126"
""
8 9.943677 68.235046 -20.814173 0.000000 -0.000000 0.000000
2
1.000000 0.000000 0.000000 0.000000
30.000000 12.090928 82.969810 -25.308813
2
1.000000 0.000000 -0.000000 0.000000
30.000000 -0.956162 -0.242674 2.895343
"Explosion_127"
""
8 10.570736 68.869431 -17.946587 0.000000 -0.000000 0.000000
2
1.000000 0.000000 0.000000 0.000000
30.000000 5.098063 33.214401 -8.655293
2
1.000000 0.000000 -0.000000 0.000000
30.000000 -2.881863 -1.014740 -0.015530
"Explosion_128"
""
8 11.281585 70.040085 -16.337830 0.000000 -0.000000 0.000000
2
1.000000 0.000000 0.000000 0.000000
30.000000 14.188390 88.086563 -20.547422
2
1.000000 0.000000 -0.000000 0.000000
30.000000 2.460707 0.926847 1.950403