Frames: 30
Frame: 1

Meshes: 9
"planet" 1 -1
229
1 -66.000000 -11.069594 -63.343674 0.000000 1.000000 -1
1 -53.796303 -9.136718 -63.343674 0.000000 0.900000 -1
1 -54.393593 -9.136718 -59.572533 0.050000 0.900000 -1
1 -66.000000 67.914398 -63.343674 0.000000 0.000000 -1
1 -54.393593 65.981499 -59.572533 0.050000 0.100000 -1
1 -53.796303 65.981499 -63.343674 0.000000 0.100000 -1
1 -66.000000 -11.069594 -63.343674 0.050000 1.000000 -1
1 -56.127003 -9.136718 -56.170525 0.100000 0.900000 -1
1 -66.000000 67.914398 -63.343674 0.050000 0.000000 -1
1 -56.127003 65.981499 -56.170525 0.100000 0.100000 -1
1 -66.000000 -11.069594 -63.343674 0.100000 1.000000 -1
1 -58.826847 -9.136718 -53.470684 0.150000 0.900000 -1
1 -66.000000 67.914398 -63.343674 0.100000 0.000000 -1
1 -58.826847 65.981499 -53.470684 0.150000 0.100000 -1
1 -66.000000 -11.069594 -63.343674 0.150000 1.000000 -1
1 -62.228851 -9.136718 -51.737274 0.200000 0.900000 -1
1 -66.000000 67.914398 -63.343674 0.150000 0.000000 -1
1 -62.228851 65.981499 -51.737274 0.200000 0.100000 -1
1 -66.000000 -11.069594 -63.343674 0.200000 1.000000 -1
1 -66.000000 -9.136718 -51.139996 0.250000 0.900000 -1
1 -66.000000 67.914398 -63.343674 0.200000 0.000000 -1
1 -66.000000 65.981499 -51.139996 0.250000 0.100000 -1
1 -66.000000 -11.069594 -63.343674 0.250000 1.000000 -1
1 -69.771149 -9.136718 -51.737274 0.300000 0.900000 -1
1 -66.000000 67.914398 -63.343674 0.250000 0.000000 -1
1 -69.771149 65.981499 -51.737274 0.300000 0.100000 -1
1 -66.000000 -11.069594 -63.343674 0.300000 1.000000 -1
1 -73.173157 -9.136718 -53.470684 0.350000 0.900000 -1
1 -66.000000 67.914398 -63.343674 0.300000 0.000000 -1
1 -73.173157 65.981499 -53.470684 0.350000 0.100000 -1
1 -66.000000 -11.069594 -63.343674 0.350000 1.000000 -1
1 -75.873001 -9.136718 -56.170525 0.400000 0.900000 -1
1 -66.000000 67.914398 -63.343674 0.350000 0.000000 -1
1 -75.873001 65.981499 -56.170525 0.400000 0.100000 -1
1 -66.000000 -11.069594 -63.343674 0.400000 1.000000 -1
1 -77.606407 -9.136718 -59.572533 0.450000 0.900000 -1
1 -66.000000 67.914398 -63.343674 0.400000 0.000000 -1
1 -77.606407 65.981499 -59.572533 0.450000 0.100000 -1
1 -66.000000 -11.069594 -63.343674 0.450000 1.000000 -1
1 -78.203697 -9.136718 -63.343674 0.500000 0.900000 -1
1 -66.000000 67.914398 -63.343674 0.450000 0.000000 -1
1 -78.203697 65.981499 -63.343674 0.500000 0.100000 -1
1 -66.000000 -11.069594 -63.343674 0.500000 1.000000 -1
1 -77.606407 -9.136718 -67.114807 0.550000 0.900000 -1
1 -66.000000 67.914398 -63.343674 0.500000 0.000000 -1
1 -77.606407 65.981499 -67.114807 0.550000 0.100000 -1
1 -66.000000 -11.069594 -63.343674 0.550000 1.000000 -1
1 -75.873001 -9.136718 -70.516846 0.600000 0.900000 -1
1 -66.000000 67.914398 -63.343674 0.550000 0.000000 -1
1 -75.873001 65.981499 -70.516846 0.600000 0.100000 -1
1 -66.000000 -11.069594 -63.343674 0.600000 1.000000 -1
1 -73.173157 -9.136718 -73.216644 0.650000 0.900000 -1
1 -66.000000 67.914398 -63.343674 0.600000 0.000000 -1
1 -73.173157 65.981499 -73.216644 0.650000 0.100000 -1
1 -66.000000 -11.069594 -63.343674 0.650000 1.000000 -1
1 -69.771149 -9.136718 -74.950111 0.700000 0.900000 -1
1 -66.000000 67.914398 -63.343674 0.650000 0.000000 -1
1 -69.771149 65.981499 -74.950111 0.700000 0.100000 -1
1 -66.000000 -11.069594 -63.343674 0.700000 1.000000 -1
1 -66.000000 -9.136718 -75.547379 0.750000 0.900000 -1
1 -66.000000 67.914398 -63.343674 0.700000 0.000000 -1
1 -66.000000 65.981499 -75.547379 0.750000 0.100000 -1
1 -66.000000 -11.069594 -63.343674 0.750000 1.000000 -1
1 -62.228851 -9.136718 -74.950111 0.800000 0.900000 -1
1 -66.000000 67.914398 -63.343674 0.750000 0.000000 -1
1 -62.228851 65.981499 -74.950111 0.800000 0.100000 -1
1 -66.000000 -11.069594 -63.343674 0.800000 1.000000 -1
1 -58.826847 -9.136718 -73.216644 0.850000 0.900000 -1
1 -66.000000 67.914398 -63.343674 0.800000 0.000000 -1
1 -58.826847 65.981499 -73.216644 0.850000 0.100000 -1
1 -66.000000 -11.069594 -63.343674 0.850000 1.000000 -1
1 -56.127003 -9.136718 -70.516846 0.900000 0.900000 -1
1 -66.000000 67.914398 -63.343674 0.850000 0.000000 -1
1 -56.127003 65.981499 -70.516846 0.900000 0.100000 -1
1 -66.000000 -11.069594 -63.343674 0.900000 1.000000 -1
1 -54.393593 -9.136718 -67.114807 0.950000 0.900000 -1
1 -66.000000 67.914398 -63.343674 0.900000 0.000000 -1
1 -54.393593 65.981499 -67.114807 0.950000 0.100000 -1
1 -66.000000 -11.069594 -63.343674 0.950000 1.000000 -1
1 -53.796303 -9.136718 -63.343674 1.000000 0.900000 -1
1 -66.000000 67.914398 -63.343674 0.950000 0.000000 -1
1 -53.796303 65.981499 -63.343674 1.000000 0.100000 -1
1 -42.787186 -3.527295 -63.343674 0.000000 0.800000 -1
1 -43.923306 -3.527295 -56.170525 0.050000 0.800000 -1
1 -47.220444 -3.527295 -49.699547 0.100000 0.800000 -1
1 -52.355854 -3.527295 -44.564129 0.150000 0.800000 -1
1 -58.826847 -3.527295 -41.266987 0.200000 0.800000 -1
1 -66.000000 -3.527295 -40.130878 0.250000 0.800000 -1
1 -73.173157 -3.527295 -41.266987 0.300000 0.800000 -1
1 -79.644150 -3.527295 -44.564129 0.350000 0.800000 -1
1 -84.779556 -3.527295 -49.699547 0.400000 0.800000 -1
1 -88.076691 -3.527295 -56.170525 0.450000 0.800000 -1
1 -89.212814 -3.527295 -63.343674 0.500000 0.800000 -1
1 -88.076691 -3.527295 -70.516846 0.550000 0.800000 -1
1 -84.779556 -3.527295 -76.987808 0.600000 0.800000 -1
1 -79.644150 -3.527295 -82.123230 0.650000 0.800000 -1
1 -73.173157 -3.527295 -85.420410 0.700000 0.800000 -1
1 -66.000000 -3.527295 -86.556488 0.750000 0.800000 -1
1 -58.826847 -3.527295 -85.420410 0.800000 0.800000 -1
1 -52.355854 -3.527295 -82.123230 0.850000 0.800000 -1
1 -47.220444 -3.527295 -76.987808 0.900000 0.800000 -1
1 -43.923306 -3.527295 -70.516846 0.950000 0.800000 -1
1 -42.787186 -3.527295 -63.343674 1.000000 0.800000 -1
1 -34.050308 5.209594 -63.343674 0.000000 0.700000 -1
1 -35.614029 5.209594 -53.470684 0.050000 0.700000 -1
1 -40.152153 5.209594 -44.564129 0.100000 0.700000 -1
1 -47.220444 5.209594 -37.495819 0.150000 0.700000 -1
1 -56.127003 5.209594 -32.957714 0.200000 0.700000 -1
1 -66.000000 5.209594 -31.393982 0.250000 0.700000 -1
1 -75.873001 5.209594 -32.957714 0.300000 0.700000 -1
1 -84.779556 5.209594 -37.495819 0.350000 0.700000 -1
1 -91.847847 5.209594 -44.564129 0.400000 0.700000 -1
1 -96.385971 5.209594 -53.470684 0.450000 0.700000 -1
1 -97.949692 5.209594 -63.343674 0.500000 0.700000 -1
1 -96.385971 5.209594 -73.216644 0.550000 0.700000 -1
1 -91.847847 5.209594 -82.123230 0.600000 0.700000 -1
1 -84.779556 5.209594 -89.191544 0.650000 0.700000 -1
1 -75.873001 5.209594 -93.729622 0.700000 0.700000 -1
1 -66.000000 5.209594 -95.293404 0.750000 0.700000 -1
1 -56.127003 5.209594 -93.729622 0.800000 0.700000 -1
1 -47.220444 5.209594 -89.191544 0.850000 0.700000 -1
1 -40.152153 5.209594 -82.123230 0.900000 0.700000 -1
1 -35.614029 5.209594 -73.216644 0.950000 0.700000 -1
1 -34.050308 5.209594 -63.343674 1.000000 0.700000 -1
1 -28.440884 16.218706 -63.343674 0.000000 0.600000 -1
1 -30.279156 16.218706 -51.737274 0.050000 0.600000 -1
1 -35.614029 16.218706 -41.266987 0.100000 0.600000 -1
1 -43.923306 16.218706 -32.957714 0.150000 0.600000 -1
1 -54.393593 16.218706 -27.622826 0.200000 0.600000 -1
1 -66.000000 16.218706 -25.784554 0.250000 0.600000 -1
1 -77.606407 16.218706 -27.622826 0.300000 0.600000 -1
1 -88.076691 16.218706 -32.957714 0.350000 0.600000 -1
1 -96.385971 16.218706 -41.266987 0.400000 0.600000 -1
1 -101.720840 16.218706 -51.737274 0.450000 0.600000 -1
1 -103.559113 16.218706 -63.343674 0.500000 0.600000 -1
1 -101.720840 16.218706 -74.950111 0.550000 0.600000 -1
1 -96.385971 16.218706 -85.420410 0.600000 0.600000 -1
1 -88.076691 16.218706 -93.729622 0.650000 0.600000 -1
1 -77.606407 16.218706 -99.064537 0.700000 0.600000 -1
1 -66.000000 16.218706 -100.902817 0.750000 0.600000 -1
1 -54.393593 16.218706 -99.064537 0.800000 0.600000 -1
1 -43.923306 16.218706 -93.729622 0.850000 0.600000 -1
1 -35.614029 16.218706 -85.420410 0.900000 0.600000 -1
1 -30.279156 16.218706 -74.950111 0.950000 0.600000 -1
1 -28.440884 16.218706 -63.343674 1.000000 0.600000 -1
1 -26.508007 28.422398 -63.343674 0.000000 0.500000 -1
1 -28.440884 28.422398 -51.139996 0.050000 0.500000 -1
1 -34.050308 28.422398 -40.130878 0.100000 0.500000 -1
1 -42.787186 28.422398 -31.393982 0.150000 0.500000 -1
1 -53.796303 28.422398 -25.784554 0.200000 0.500000 -1
1 -66.000000 28.422398 -23.851688 0.250000 0.500000 -1
1 -78.203697 28.422398 -25.784554 0.300000 0.500000 -1
1 -89.212814 28.422398 -31.393982 0.350000 0.500000 -1
1 -97.949692 28.422398 -40.130878 0.400000 0.500000 -1
1 -103.559113 28.422398 -51.139996 0.450000 0.500000 -1
1 -105.491989 28.422398 -63.343674 0.500000 0.500000 -1
1 -103.559113 28.422398 -75.547379 0.550000 0.500000 -1
1 -97.949692 28.422398 -86.556488 0.600000 0.500000 -1
1 -89.212814 28.422398 -95.293404 0.650000 0.500000 -1
1 -78.203697 28.422398 -100.902756 0.700000 0.500000 -1
1 -66.000000 28.422398 -102.835663 0.750000 0.500000 -1
1 -53.796303 28.422398 -100.902756 0.800000 0.500000 -1
1 -42.787186 28.422398 -95.293404 0.850000 0.500000 -1
1 -34.050308 28.422398 -86.556488 0.900000 0.500000 -1
1 -28.440884 28.422398 -75.547379 0.950000 0.500000 -1
1 -26.508007 28.422398 -63.343674 1.000000 0.500000 -1
1 -28.440884 40.626091 -63.343674 0.000000 0.400000 -1
1 -30.279156 40.626091 -51.737274 0.050000 0.400000 -1
1 -35.614029 40.626091 -41.266987 0.100000 0.400000 -1
1 -43.923306 40.626091 -32.957714 0.150000 0.400000 -1
1 -54.393593 40.626091 -27.622826 0.200000 0.400000 -1
1 -66.000000 40.626091 -25.784554 0.250000 0.400000 -1
1 -77.606407 40.626091 -27.622826 0.300000 0.400000 -1
1 -88.076691 40.626091 -32.957714 0.350000 0.400000 -1
1 -96.385971 40.626091 -41.266987 0.400000 0.400000 -1
1 -101.720840 40.626091 -51.737274 0.450000 0.400000 -1
1 -103.559113 40.626091 -63.343674 0.500000 0.400000 -1
1 -101.720840 40.626091 -74.950111 0.550000 0.400000 -1
1 -96.385971 40.626091 -85.420410 0.600000 0.400000 -1
1 -88.076691 40.626091 -93.729622 0.650000 0.400000 -1
1 -77.606407 40.626091 -99.064537 0.700000 0.400000 -1
1 -66.000000 40.626091 -100.902817 0.750000 0.400000 -1
1 -54.393593 40.626091 -99.064537 0.800000 0.400000 -1
1 -43.923306 40.626091 -93.729622 0.850000 0.400000 -1
1 -35.614029 40.626091 -85.420410 0.900000 0.400000 -1
1 -30.279156 40.626091 -74.950111 0.950000 0.400000 -1
1 -28.440884 40.626091 -63.343674 1.000000 0.400000 -1
1 -34.050308 51.635197 -63.343674 0.000000 0.300000 -1
1 -35.614029 51.635197 -53.470684 0.050000 0.300000 -1
1 -40.152153 51.635197 -44.564129 0.100000 0.300000 -1
1 -47.220444 51.635197 -37.495819 0.150000 0.300000 -1
1 -56.127003 51.635197 -32.957714 0.200000 0.300000 -1
1 -66.000000 51.635197 -31.393982 0.250000 0.300000 -1
1 -75.873001 51.635197 -32.957714 0.300000 0.300000 -1
1 -84.779556 51.635197 -37.495819 0.350000 0.300000 -1
1 -91.847847 51.635197 -44.564129 0.400000 0.300000 -1
1 -96.385971 51.635197 -53.470684 0.450000 0.300000 -1
1 -97.949692 51.635197 -63.343674 0.500000 0.300000 -1
1 -96.385971 51.635197 -73.216644 0.550000 0.300000 -1
1 -91.847847 51.635197 -82.123230 0.600000 0.300000 -1
1 -84.779556 51.635197 -89.191544 0.650000 0.300000 -1
1 -75.873001 51.635197 -93.729622 0.700000 0.300000 -1
1 -66.000000 51.635197 -95.293404 0.750000 0.300000 -1
1 -56.127003 51.635197 -93.729622 0.800000 0.300000 -1
1 -47.220444 51.635197 -89.191544 0.850000 0.300000 -1
1 -40.152153 51.635197 -82.123230 0.900000 0.300000 -1
1 -35.614029 51.635197 -73.216644 0.950000 0.300000 -1
1 -34.050308 51.635197 -63.343674 1.000000 0.300000 -1
1 -42.787186 60.372082 -63.343674 0.000000 0.200000 -1
1 -43.923306 60.372082 -56.170525 0.050000 0.200000 -1
1 -47.220444 60.372082 -49.699547 0.100000 0.200000 -1
1 -52.355854 60.372082 -44.564129 0.150000 0.200000 -1
1 -58.826847 60.372082 -41.266987 0.200000 0.200000 -1
1 -66.000000 60.372082 -40.130878 0.250000 0.200000 -1
1 -73.173157 60.372082 -41.266987 0.300000 0.200000 -1
1 -79.644150 60.372082 -44.564129 0.350000 0.200000 -1
1 -84.779556 60.372082 -49.699547 0.400000 0.200000 -1
1 -88.076691 60.372082 -56.170525 0.450000 0.200000 -1
1 -89.212814 60.372082 -63.343674 0.500000 0.200000 -1
1 -88.076691 60.372082 -70.516846 0.550000 0.200000 -1
1 -84.779556 60.372082 -76.987808 0.600000 0.200000 -1
1 -79.644150 60.372082 -82.123230 0.650000 0.200000 -1
1 -73.173157 60.372082 -85.420410 0.700000 0.200000 -1
1 -66.000000 60.372082 -86.556488 0.750000 0.200000 -1
1 -58.826847 60.372082 -85.420410 0.800000 0.200000 -1
1 -52.355854 60.372082 -82.123230 0.850000 0.200000 -1
1 -47.220444 60.372082 -76.987808 0.900000 0.200000 -1
1 -43.923306 60.372082 -70.516846 0.950000 0.200000 -1
1 -42.787186 60.372082 -63.343674 1.000000 0.200000 -1
182
0.000000 -1.000000 0.000000
0.358579 -0.933499 0.000000
0.293730 -0.951112 0.095439
0.000000 1.000000 0.000000
0.293731 0.951112 0.095439
0.358580 0.933499 0.000000
0.290097 -0.933499 0.210768
0.290097 0.933499 0.210768
0.181535 -0.951112 0.249862
0.181536 0.951112 0.249862
0.110807 -0.933499 0.341029
0.110807 0.933499 0.341030
0.000000 -0.951112 0.308846
0.000000 0.951112 0.308847
-0.110807 -0.933499 0.341029
-0.110807 0.933499 0.341030
-0.181535 -0.951112 0.249862
-0.181535 0.951112 0.249862
-0.290097 -0.933499 0.210768
-0.290097 0.933499 0.210768
-0.293730 -0.951112 0.095439
-0.293731 0.951112 0.095439
-0.358579 -0.933499 0.000000
-0.358580 0.933499 0.000000
-0.293730 -0.951112 -0.095438
-0.293731 0.951112 -0.095438
-0.290096 -0.933499 -0.210768
-0.290097 0.933499 -0.210768
-0.181536 -0.951112 -0.249861
-0.181536 0.951112 -0.249862
-0.110808 -0.933500 -0.341028
-0.110808 0.933499 -0.341029
0.000000 -0.951112 -0.308846
0.000000 0.951112 -0.308847
0.110808 -0.933500 -0.341028
0.110808 0.933499 -0.341029
0.181536 -0.951112 -0.249861
0.181536 0.951112 -0.249861
0.290096 -0.933499 -0.210768
0.290096 0.933499 -0.210768
0.293730 -0.951112 -0.095438
0.293731 0.951112 -0.095438
0.587551 -0.809187 0.000000
0.558794 -0.809187 0.181564
0.475339 -0.809187 0.345354
0.345354 -0.809187 0.475339
0.181563 -0.809187 0.558794
0.000000 -0.809187 0.587551
-0.181563 -0.809187 0.558794
-0.345354 -0.809187 0.475339
-0.475339 -0.809187 0.345354
-0.558794 -0.809187 0.181564
-0.587551 -0.809187 0.000000
-0.558794 -0.809187 -0.181563
-0.475339 -0.809187 -0.345354
-0.345355 -0.809187 -0.475338
-0.181564 -0.809186 -0.558795
0.000000 -0.809187 -0.587552
0.181564 -0.809186 -0.558795
0.345355 -0.809187 -0.475338
0.475339 -0.809187 -0.345354
0.558794 -0.809187 -0.181563
0.808848 -0.588017 0.000000
0.769260 -0.588018 0.249948
0.654372 -0.588018 0.475429
0.475429 -0.588018 0.654372
0.249948 -0.588018 0.769260
0.000000 -0.588018 0.808848
-0.249948 -0.588018 0.769260
-0.475429 -0.588018 0.654372
-0.654372 -0.588018 0.475429
-0.769260 -0.588017 0.249948
-0.808848 -0.588017 0.000000
-0.769260 -0.588018 -0.249947
-0.654372 -0.588018 -0.475429
-0.475429 -0.588017 -0.654373
-0.249949 -0.588017 -0.769260
0.000000 -0.588018 -0.808848
0.249949 -0.588017 -0.769260
0.475429 -0.588017 -0.654373
0.654372 -0.588018 -0.475429
0.769260 -0.588018 -0.249947
0.951002 -0.309185 0.000000
0.904457 -0.309185 0.293876
0.769377 -0.309185 0.558985
0.558985 -0.309185 0.769377
0.293876 -0.309185 0.904456
0.000000 -0.309185 0.951002
-0.293876 -0.309185 0.904456
-0.558985 -0.309185 0.769377
-0.769377 -0.309185 0.558985
-0.904457 -0.309185 0.293876
-0.951002 -0.309185 0.000000
-0.904457 -0.309185 -0.293875
-0.769376 -0.309185 -0.558986
-0.558984 -0.309185 -0.769377
-0.293877 -0.309184 -0.904456
0.000000 -0.309184 -0.951002
0.293877 -0.309184 -0.904456
0.558984 -0.309185 -0.769377
0.769376 -0.309185 -0.558986
0.904457 -0.309185 -0.293875
1.000000 -0.000000 0.000000
0.951056 -0.000000 0.309017
0.809017 -0.000000 0.587785
0.587786 -0.000000 0.809017
0.309017 -0.000000 0.951057
0.000000 -0.000000 1.000000
-0.309017 -0.000000 0.951056
-0.587786 -0.000000 0.809017
-0.809017 -0.000000 0.587785
-0.951057 -0.000000 0.309017
-1.000000 -0.000000 0.000000
-0.951057 -0.000000 -0.309017
-0.809017 -0.000000 -0.587785
-0.587784 -0.000000 -0.809018
-0.309017 -0.000000 -0.951056
0.000000 -0.000000 -1.000000
0.309017 -0.000000 -0.951056
0.587784 -0.000000 -0.809018
0.809017 -0.000000 -0.587785
0.951056 -0.000000 -0.309017
0.951002 0.309185 0.000000
0.904457 0.309185 0.293876
0.769377 0.309185 0.558985
0.558985 0.309185 0.769377
0.293876 0.309185 0.904456
0.000000 0.309185 0.951002
-0.293876 0.309185 0.904456
-0.558985 0.309185 0.769377
-0.769377 0.309185 0.558985
-0.904457 0.309185 0.293876
-0.951002 0.309185 0.000000
-0.904457 0.309185 -0.293875
-0.769376 0.309185 -0.558986
-0.558984 0.309185 -0.769377
-0.293877 0.309184 -0.904456
0.000000 0.309184 -0.951002
0.293877 0.309184 -0.904456
0.558984 0.309185 -0.769377
0.769376 0.309185 -0.558986
0.904457 0.309185 -0.293875
0.808848 0.588018 0.000000
0.769260 0.588018 0.249948
0.654372 0.588018 0.475429
0.475429 0.588018 0.654372
0.249948 0.588018 0.769260
0.000000 0.588018 0.808848
-0.249948 0.588018 0.769260
-0.475429 0.588018 0.654372
-0.654372 0.588018 0.475429
-0.769260 0.588018 0.249948
-0.808848 0.588018 0.000000
-0.769260 0.588018 -0.249947
-0.654372 0.588018 -0.475429
-0.475429 0.588017 -0.654373
-0.249949 0.588017 -0.769260
0.000000 0.588018 -0.808848
0.249949 0.588017 -0.769260
0.475429 0.588017 -0.654373
0.654372 0.588018 -0.475429
0.769260 0.588018 -0.249947
0.587551 0.809187 0.000000
0.558794 0.809187 0.181563
0.475339 0.809187 0.345354
0.345354 0.809187 0.475338
0.181563 0.809187 0.558794
0.000000 0.809187 0.587551
-0.181563 0.809187 0.558794
-0.345354 0.809187 0.475338
-0.475339 0.809187 0.345354
-0.558794 0.809187 0.181563
-0.587551 0.809187 0.000000
-0.558794 0.809187 -0.181563
-0.475339 0.809187 -0.345354
-0.345355 0.809187 -0.475338
-0.181564 0.809186 -0.558795
0.000000 0.809187 -0.587551
0.181564 0.809186 -0.558795
0.345355 0.809187 -0.475338
0.475339 0.809187 -0.345354
0.558794 0.809187 -0.181563
360
1 0 1 2 0 1 2 1
1 3 4 5 3 4 5 1
1 6 2 7 0 2 6 1
1 8 9 4 3 7 4 1
1 10 7 11 0 6 8 1
1 12 13 9 3 9 7 1
1 14 11 15 0 8 10 1
1 16 17 13 3 11 9 1
1 18 15 19 0 10 12 1
1 20 21 17 3 13 11 1
1 22 19 23 0 12 14 1
1 24 25 21 3 15 13 1
1 26 23 27 0 14 16 1
1 28 29 25 3 17 15 1
1 30 27 31 0 16 18 1
1 32 33 29 3 19 17 1
1 34 31 35 0 18 20 1
1 36 37 33 3 21 19 1
1 38 35 39 0 20 22 1
1 40 41 37 3 23 21 1
1 42 39 43 0 22 24 1
1 44 45 41 3 25 23 1
1 46 43 47 0 24 26 1
1 48 49 45 3 27 25 1
1 50 47 51 0 26 28 1
1 52 53 49 3 29 27 1
1 54 51 55 0 28 30 1
1 56 57 53 3 31 29 1
1 58 55 59 0 30 32 1
1 60 61 57 3 33 31 1
1 62 59 63 0 32 34 1
1 64 65 61 3 35 33 1
1 66 63 67 0 34 36 1
1 68 69 65 3 37 35 1
1 70 67 71 0 36 38 1
1 72 73 69 3 39 37 1
1 74 71 75 0 38 40 1
1 76 77 73 3 41 39 1
1 78 75 79 0 40 1 1
1 80 81 77 3 5 41 1
1 1 82 83 1 42 43 1
1 1 83 2 1 43 2 1
1 2 83 7 2 43 6 1
1 83 84 7 43 44 6 1
1 7 84 85 6 44 45 1
1 7 85 11 6 45 8 1
1 11 85 15 8 45 10 1
1 85 86 15 45 46 10 1
1 15 86 87 10 46 47 1
1 15 87 19 10 47 12 1
1 19 87 23 12 47 14 1
1 87 88 23 47 48 14 1
1 23 88 89 14 48 49 1
1 23 89 27 14 49 16 1
1 27 89 31 16 49 18 1
1 89 90 31 49 50 18 1
1 31 90 91 18 50 51 1
1 31 91 35 18 51 20 1
1 35 91 39 20 51 22 1
1 91 92 39 51 52 22 1
1 39 92 93 22 52 53 1
1 39 93 43 22 53 24 1
1 43 93 47 24 53 26 1
1 93 94 47 53 54 26 1
1 47 94 95 26 54 55 1
1 47 95 51 26 55 28 1
1 51 95 55 28 55 30 1
1 95 96 55 55 56 30 1
1 55 96 97 30 56 57 1
1 55 97 59 30 57 32 1
1 59 97 63 32 57 34 1
1 97 98 63 57 58 34 1
1 63 98 99 34 58 59 1
1 63 99 67 34 59 36 1
1 67 99 71 36 59 38 1
1 99 100 71 59 60 38 1
1 71 100 101 38 60 61 1
1 71 101 75 38 61 40 1
1 75 101 79 40 61 1 1
1 101 102 79 61 42 1 1
1 82 103 83 42 62 43 1
1 103 104 83 62 63 43 1
1 83 104 105 43 63 64 1
1 83 105 84 43 64 44 1
1 84 105 85 44 64 45 1
1 105 106 85 64 65 45 1
1 85 106 107 45 65 66 1
1 85 107 86 45 66 46 1
1 86 107 87 46 66 47 1
1 107 108 87 66 67 47 1
1 87 108 109 47 67 68 1
1 87 109 88 47 68 48 1
1 88 109 89 48 68 49 1
1 109 110 89 68 69 49 1
1 89 110 111 49 69 70 1
1 89 111 90 49 70 50 1
1 90 111 91 50 70 51 1
1 111 112 91 70 71 51 1
1 91 112 113 51 71 72 1
1 91 113 92 51 72 52 1
1 92 113 93 52 72 53 1
1 113 114 93 72 73 53 1
1 93 114 115 53 73 74 1
1 93 115 94 53 74 54 1
1 94 115 95 54 74 55 1
1 115 116 95 74 75 55 1
1 95 116 117 55 75 76 1
1 95 117 96 55 76 56 1
1 96 117 97 56 76 57 1
1 117 118 97 76 77 57 1
1 97 118 119 57 77 78 1
1 97 119 98 57 78 58 1
1 98 119 99 58 78 59 1
1 119 120 99 78 79 59 1
1 99 120 121 59 79 80 1
1 99 121 100 59 80 60 1
1 100 121 101 60 80 61 1
1 121 122 101 80 81 61 1
1 101 122 123 61 81 62 1
1 101 123 102 61 62 42 1
1 103 124 125 62 82 83 1
1 103 125 104 62 83 63 1
1 104 125 105 63 83 64 1
1 125 126 105 83 84 64 1
1 105 126 127 64 84 85 1
1 105 127 106 64 85 65 1
1 106 127 107 65 85 66 1
1 127 128 107 85 86 66 1
1 107 128 129 66 86 87 1
1 107 129 108 66 87 67 1
1 108 129 109 67 87 68 1
1 129 130 109 87 88 68 1
1 109 130 131 68 88 89 1
1 109 131 110 68 89 69 1
1 110 131 111 69 89 70 1
1 131 132 111 89 90 70 1
1 111 132 133 70 90 91 1
1 111 133 112 70 91 71 1
1 112 133 113 71 91 72 1
1 133 134 113 91 92 72 1
1 113 134 135 72 92 93 1
1 113 135 114 72 93 73 1
1 114 135 115 73 93 74 1
1 135 136 115 93 94 74 1
1 115 136 137 74 94 95 1
1 115 137 116 74 95 75 1
1 116 137 117 75 95 76 1
1 137 138 117 95 96 76 1
1 117 138 139 76 96 97 1
1 117 139 118 76 97 77 1
1 118 139 119 77 97 78 1
1 139 140 119 97 98 78 1
1 119 140 141 78 98 99 1
1 119 141 120 78 99 79 1
1 120 141 121 79 99 80 1
1 141 142 121 99 100 80 1
1 121 142 143 80 100 101 1
1 121 143 122 80 101 81 1
1 122 143 123 81 101 62 1
1 143 144 123 101 82 62 1
1 124 145 125 82 102 83 1
1 145 146 125 102 103 83 1
1 125 146 147 83 103 104 1
1 125 147 126 83 104 84 1
1 126 147 127 84 104 85 1
1 147 148 127 104 105 85 1
1 127 148 149 85 105 106 1
1 127 149 128 85 106 86 1
1 128 149 129 86 106 87 1
1 149 150 129 106 107 87 1
1 129 150 151 87 107 108 1
1 129 151 130 87 108 88 1
1 130 151 131 88 108 89 1
1 151 152 131 108 109 89 1
1 131 152 153 89 109 110 1
1 131 153 132 89 110 90 1
1 132 153 133 90 110 91 1
1 153 154 133 110 111 91 1
1 133 154 155 91 111 112 1
1 133 155 134 91 112 92 1
1 134 155 135 92 112 93 1
1 155 156 135 112 113 93 1
1 135 156 157 93 113 114 1
1 135 157 136 93 114 94 1
1 136 157 137 94 114 95 1
1 157 158 137 114 115 95 1
1 137 158 159 95 115 116 1
1 137 159 138 95 116 96 1
1 138 159 139 96 116 97 1
1 159 160 139 116 117 97 1
1 139 160 161 97 117 118 1
1 139 161 140 97 118 98 1
1 140 161 141 98 118 99 1
1 161 162 141 118 119 99 1
1 141 162 163 99 119 120 1
1 141 163 142 99 120 100 1
1 142 163 143 100 120 101 1
1 163 164 143 120 121 101 1
1 143 164 165 101 121 102 1
1 143 165 144 101 102 82 1
1 145 166 167 102 122 123 1
1 145 167 146 102 123 103 1
1 146 167 147 103 123 104 1
1 167 168 147 123 124 104 1
1 147 168 169 104 124 125 1
1 147 169 148 104 125 105 1
1 148 169 149 105 125 106 1
1 169 170 149 125 126 106 1
1 149 170 171 106 126 127 1
1 149 171 150 106 127 107 1
1 150 171 151 107 127 108 1
1 171 172 151 127 128 108 1
1 151 172 173 108 128 129 1
1 151 173 152 108 129 109 1
1 152 173 153 109 129 110 1
1 173 174 153 129 130 110 1
1 153 174 175 110 130 131 1
1 153 175 154 110 131 111 1
1 154 175 155 111 131 112 1
1 175 176 155 131 132 112 1
1 155 176 177 112 132 133 1
1 155 177 156 112 133 113 1
1 156 177 157 113 133 114 1
1 177 178 157 133 134 114 1
1 157 178 179 114 134 135 1
1 157 179 158 114 135 115 1
1 158 179 159 115 135 116 1
1 179 180 159 135 136 116 1
1 159 180 181 116 136 137 1
1 159 181 160 116 137 117 1
1 160 181 161 117 137 118 1
1 181 182 161 137 138 118 1
1 161 182 183 118 138 139 1
1 161 183 162 118 139 119 1
1 162 183 163 119 139 120 1
1 183 184 163 139 140 120 1
1 163 184 185 120 140 141 1
1 163 185 164 120 141 121 1
1 164 185 165 121 141 102 1
1 185 186 165 141 122 102 1
1 166 187 167 122 142 123 1
1 187 188 167 142 143 123 1
1 167 188 189 123 143 144 1
1 167 189 168 123 144 124 1
1 168 189 169 124 144 125 1
1 189 190 169 144 145 125 1
1 169 190 191 125 145 146 1
1 169 191 170 125 146 126 1
1 170 191 171 126 146 127 1
1 191 192 171 146 147 127 1
1 171 192 193 127 147 148 1
1 171 193 172 127 148 128 1
1 172 193 173 128 148 129 1
1 193 194 173 148 149 129 1
1 173 194 195 129 149 150 1
1 173 195 174 129 150 130 1
1 174 195 175 130 150 131 1
1 195 196 175 150 151 131 1
1 175 196 197 131 151 152 1
1 175 197 176 131 152 132 1
1 176 197 177 132 152 133 1
1 197 198 177 152 153 133 1
1 177 198 199 133 153 154 1
1 177 199 178 133 154 134 1
1 178 199 179 134 154 135 1
1 199 200 179 154 155 135 1
1 179 200 201 135 155 156 1
1 179 201 180 135 156 136 1
1 180 201 181 136 156 137 1
1 201 202 181 156 157 137 1
1 181 202 203 137 157 158 1
1 181 203 182 137 158 138 1
1 182 203 183 138 158 139 1
1 203 204 183 158 159 139 1
1 183 204 205 139 159 160 1
1 183 205 184 139 160 140 1
1 184 205 185 140 160 141 1
1 205 206 185 160 161 141 1
1 185 206 207 141 161 142 1
1 185 207 186 141 142 122 1
1 187 208 209 142 162 163 1
1 187 209 188 142 163 143 1
1 188 209 189 143 163 144 1
1 209 210 189 163 164 144 1
1 189 210 211 144 164 165 1
1 189 211 190 144 165 145 1
1 190 211 191 145 165 146 1
1 211 212 191 165 166 146 1
1 191 212 213 146 166 167 1
1 191 213 192 146 167 147 1
1 192 213 193 147 167 148 1
1 213 214 193 167 168 148 1
1 193 214 215 148 168 169 1
1 193 215 194 148 169 149 1
1 194 215 195 149 169 150 1
1 215 216 195 169 170 150 1
1 195 216 217 150 170 171 1
1 195 217 196 150 171 151 1
1 196 217 197 151 171 152 1
1 217 218 197 171 172 152 1
1 197 218 219 152 172 173 1
1 197 219 198 152 173 153 1
1 198 219 199 153 173 154 1
1 219 220 199 173 174 154 1
1 199 220 221 154 174 175 1
1 199 221 200 154 175 155 1
1 200 221 201 155 175 156 1
1 221 222 201 175 176 156 1
1 201 222 223 156 176 177 1
1 201 223 202 156 177 157 1
1 202 223 203 157 177 158 1
1 223 224 203 177 178 158 1
1 203 224 225 158 178 179 1
1 203 225 204 158 179 159 1
1 204 225 205 159 179 160 1
1 225 226 205 179 180 160 1
1 205 226 227 160 180 181 1
1 205 227 206 160 181 161 1
1 206 227 207 161 181 142 1
1 227 228 207 181 162 142 1
1 208 5 209 162 5 163 1
1 5 4 209 5 4 163 1
1 209 4 9 163 4 7 1
1 209 9 210 163 7 164 1
1 210 9 211 164 7 165 1
1 9 13 211 7 9 165 1
1 211 13 17 165 9 11 1
1 211 17 212 165 11 166 1
1 212 17 213 166 11 167 1
1 17 21 213 11 13 167 1
1 213 21 25 167 13 15 1
1 213 25 214 167 15 168 1
1 214 25 215 168 15 169 1
1 25 29 215 15 17 169 1
1 215 29 33 169 17 19 1
1 215 33 216 169 19 170 1
1 216 33 217 170 19 171 1
1 33 37 217 19 21 171 1
1 217 37 41 171 21 23 1
1 217 41 218 171 23 172 1
1 218 41 219 172 23 173 1
1 41 45 219 23 25 173 1
1 219 45 49 173 25 27 1
1 219 49 220 173 27 174 1
1 220 49 221 174 27 175 1
1 49 53 221 27 29 175 1
1 221 53 57 175 29 31 1
1 221 57 222 175 31 176 1
1 222 57 223 176 31 177 1
1 57 61 223 31 33 177 1
1 223 61 65 177 33 35 1
1 223 65 224 177 35 178 1
1 224 65 225 178 35 179 1
1 65 69 225 35 37 179 1
1 225 69 73 179 37 39 1
1 225 73 226 179 39 180 1
1 226 73 227 180 39 181 1
1 73 77 227 39 41 181 1
1 227 77 81 181 41 5 1
1 227 81 228 181 5 162 1